gt_file,gt_start,gt_end,gt_label,combined_pred_start,combined_pred_end,num_predictions,predicted_labels,iou,has_correct_label
C:\Users\muldi\Documents\Playground\University\senior-project-1\dataset\internet\clear\เจ๊อยากกลับบ้านแล้ว....wav,15.342018,15.659347,เหี้ย,14.52,15.78,2,"['มึง', 'เหี้ย']",0.2518484126984134,True
C:\Users\muldi\Documents\Playground\University\senior-project-1\dataset\internet\clear\ถ้าวันนึงหีมึงเหี่ยว.wav,5.570895,5.802535,มึง,5.4,6.06,1,['มึง'],0.3509696969696968,True
C:\Users\muldi\Documents\Playground\University\senior-project-1\dataset\internet\clear\ถ้าวันนึงหีมึงเหี่ยว.wav,7.282757,7.473012,มึง,6.84,7.5,1,['มึง'],0.28826515151515086,True
C:\Users\muldi\Documents\Playground\University\senior-project-1\dataset\internet\clear\ถ้าวันนึงหีมึงเหี่ยว.wav,7.887292,7.996571,กู,7.8,8.34,1,['กู'],0.20236851851851834,True
C:\Users\muldi\Documents\Playground\University\senior-project-1\dataset\internet\clear\ถ้าวันนึงหีมึงเหี่ยว.wav,8.195119,8.340567,กู,7.8,10.38,2,"['กู', 'เหี้ย']",0.0563751937984496,True
C:\Users\muldi\Documents\Playground\University\senior-project-1\dataset\internet\clear\ถ้าวันนึงหีมึงเหี่ยว.wav,11.512722,11.625848,มึง,11.28,12.18,1,['มึง'],0.12569555555555484,True
C:\Users\muldi\Documents\Playground\University\senior-project-1\dataset\internet\clear\ถ้าวันนึงหีมึงเหี่ยว.wav,12.928725,13.001065,กู,12.36,13.86,1,['กู'],0.04822666666666701,True
C:\Users\muldi\Documents\Playground\University\senior-project-1\dataset\internet\clear\ถ้าวันนึงหีมึงเหี่ยว.wav,13.908701,14.008097,มึง,13.68,14.1,1,['มึง'],0.23665714285713982,True
C:\Users\muldi\Documents\Playground\University\senior-project-1\dataset\internet\clear\ถ้าวันนึงหีมึงเหี่ยว.wav,15.714563,15.849237,มึง,15.48,16.38,1,['มึง'],0.14963777777777845,True
C:\Users\muldi\Documents\Playground\University\senior-project-1\dataset\internet\clear\ถ้าวันนึงหีมึงเหี่ยว.wav,15.976985,16.152446,มึง,15.48,16.38,1,['มึง'],0.19495666666666733,True
C:\Users\muldi\Documents\Playground\University\senior-project-1\dataset\internet\music\คนหายไปไหนหมดเนี่ยช่วงนี้.wav,70.524082,70.84226,กู,69.84,71.34,3,"['กู', 'มึง', 'เหี้ย']",0.21211866666665932,True
C:\Users\muldi\Documents\Playground\University\senior-project-1\dataset\internet\clear\อะชิมะหม๋า.wav,10.181355,10.256798,กู,9.96,10.38,1,['กู'],0.17962619047619033,True
C:\Users\muldi\Documents\Playground\University\senior-project-1\dataset\internet\clear\อะชิมะหม๋า.wav,18.663428,18.765268,กู,18.48,18.9,1,['กู'],0.2424761904761898,True
C:\Users\muldi\Documents\Playground\University\senior-project-1\dataset\internet\clear\อะชิมะหม๋า.wav,19.118072,19.305991,มึง,18.96,19.38,1,['มึง'],0.447426190476186,True
C:\Users\muldi\Documents\Playground\University\senior-project-1\dataset\internet\music\แคทเธอร์รีนยิงมันสิ!.wav,12.690808,12.951327,กู,12.48,13.62,1,['กู'],0.22852543859649024,True
C:\Users\muldi\Documents\Playground\University\senior-project-1\dataset\internet\music\แคทเธอร์รีนยิงมันสิ!.wav,22.086253,22.476127,กู,21.48,22.74,1,['กู'],0.309423809523812,True
C:\Users\muldi\Documents\Playground\University\senior-project-1\dataset\internet\clear\คนน่ากลัวกว่าผีบอกเลย!.wav,45.158615,45.194149,กู,44.52,45.42,1,['กู'],0.0394822222222284,True
C:\Users\muldi\Documents\Playground\University\senior-project-1\dataset\internet\clear\คนน่ากลัวกว่าผีบอกเลย!.wav,47.971366,48.012196,กู,48.0,48.54,1,['เหี้ย'],0.02144789091050319,False
C:\Users\muldi\Documents\Playground\University\senior-project-1\dataset\internet\clear\พากย์สุดโต่ง VS พากย์สุขุม.wav,32.452874,32.641612,มึง,32.16,32.7,1,['มึง'],0.3495148148148121,True
C:\Users\muldi\Documents\Playground\University\senior-project-1\dataset\internet\clear\พากย์สุดโต่ง VS พากย์สุขุม.wav,56.540153,56.668495,กู,55.92,56.82,1,['กู'],0.14260222222222635,True
C:\Users\muldi\Documents\Playground\University\senior-project-1\dataset\internet\clear\พากย์สุดโต่ง VS พากย์สุขุม.wav,116.467457,116.575307,มึง,,,0,[],0.0,False
C:\Users\muldi\Documents\Playground\University\senior-project-1\dataset\internet\clear\พากย์สุดโต่ง VS พากย์สุขุม.wav,118.800997,118.94333,มึง,118.56,118.98,1,['มึง'],0.3388880952381125,True
C:\Users\muldi\Documents\Playground\University\senior-project-1\dataset\internet\noise\หาสัญลักษณ์ตามฉบับ New World Order ในเพลง จี่หอย.wav,101.013916,101.158069,มึง,100.92,101.7,1,['มึง'],0.18481153846154186,True
C:\Users\muldi\Documents\Playground\University\senior-project-1\dataset\internet\clear\เคยอยากเป็นวีค่ายกระต่าย.wav,11.862371,11.899454,กู,11.64,12.06,1,['กู'],0.08829285714285921,True
C:\Users\muldi\Documents\Playground\University\senior-project-1\dataset\internet\clear\เกิดแต่กับคีร์มากค่ะ.wav,2.903761,3.02935,มึง,,,0,[],0.0,False
C:\Users\muldi\Documents\Playground\University\senior-project-1\dataset\internet\clear\เกิดแต่กับคีร์มากค่ะ.wav,7.560986,7.697133,กู,7.32,7.86,1,['กู'],0.2521240740740745,True
C:\Users\muldi\Documents\Playground\University\senior-project-1\dataset\internet\clear\เกิดแต่กับคีร์มากค่ะ.wav,13.681043,13.777772,กู,13.44,13.86,1,['กู'],0.23030714285714252,True
C:\Users\muldi\Documents\Playground\University\senior-project-1\dataset\internet\clear\เกิดแต่กับคีร์มากค่ะ.wav,16.418863,16.512703,กู,16.2,16.62,1,['กู'],0.2234285714285624,True
C:\Users\muldi\Documents\Playground\University\senior-project-1\dataset\internet\clear\เกิดแต่กับคีร์มากค่ะ.wav,22.665674,22.745967,กู,22.44,22.98,2,"['กู', 'เย็ด']",0.14869074074074293,True
C:\Users\muldi\Documents\Playground\University\senior-project-1\dataset\internet\clear\เกิดแต่กับคีร์มากค่ะ.wav,25.732988,25.884321,กู,25.44,26.22,2,"['กู', 'มึง']",0.1940166666666686,True
C:\Users\muldi\Documents\Playground\University\senior-project-1\dataset\internet\clear\เกิดแต่กับคีร์มากค่ะ.wav,26.114683,26.208592,มึง,25.68,26.22,1,['มึง'],0.17390555555555587,True
C:\Users\muldi\Documents\Playground\University\senior-project-1\dataset\internet\clear\เกิดแต่กับคีร์มากค่ะ.wav,40.055866,40.103656,กู,39.24,40.86,1,['มึง'],0.0294999999999995,False
C:\Users\muldi\Documents\Playground\University\senior-project-1\dataset\internet\clear\เกิดแต่กับคีร์มากค่ะ.wav,42.866725,42.973782,มึง,42.72,43.38,1,['มึง'],0.16220757575757108,True
C:\Users\muldi\Documents\Playground\University\senior-project-1\dataset\internet\clear\เกิดแต่กับคีร์มากค่ะ.wav,43.996296,44.10907,กู,43.8,44.22,1,['กู'],0.2685095238095268,True
C:\Users\muldi\Documents\Playground\University\senior-project-1\dataset\internet\clear\รายการเย็ดแม่.wav,2.917098,2.971922,เย็ด,2.64,2.94,1,['เหี้ย'],0.06899813811678573,False
C:\Users\muldi\Documents\Playground\University\senior-project-1\dataset\internet\clear\รายการเย็ดแม่.wav,27.863231,28.134757,เย็ด,27.36,28.38,3,"['มึง', 'เย็ด', 'เหี้ย']",0.2662019607843153,True
C:\Users\muldi\Documents\Playground\University\senior-project-1\dataset\internet\clear\รายการเย็ดแม่.wav,32.602139,32.76513,เย็ด,32.04,33.42,2,"['มึง', 'เย็ด']",0.11810942028985348,True
C:\Users\muldi\Documents\Playground\University\senior-project-1\dataset\internet\clear\รายการเย็ดแม่.wav,33.968825,34.028098,เย็ด,,,0,[],0.0,False
C:\Users\muldi\Documents\Playground\University\senior-project-1\dataset\internet\clear\รายการเย็ดแม่.wav,34.950411,35.001791,เย็ด,,,0,[],0.0,False
C:\Users\muldi\Documents\Playground\University\senior-project-1\dataset\internet\clear\รายการเย็ดแม่.wav,35.502075,35.572734,เย็ด,35.04,36.18,3,"['กู', 'มึง', 'เย็ด']",0.06198157894736764,True
C:\Users\muldi\Documents\Playground\University\senior-project-1\dataset\internet\clear\รายการเย็ดแม่.wav,36.946539,37.039431,เย็ด,36.48,37.26,1,['เย็ด'],0.11909230769230635,True
C:\Users\muldi\Documents\Playground\University\senior-project-1\dataset\internet\clear\รายการเย็ดแม่.wav,92.642736,92.708451,กู,92.4,93.42,2,"['กู', 'เย็ด']",0.0644264705882329,True
C:\Users\muldi\Documents\Playground\University\senior-project-1\dataset\internet\clear\รายการเย็ดแม่.wav,93.802158,93.903215,เย็ด,93.6,94.14,1,['เย็ด'],0.1871425925925854,True
C:\Users\muldi\Documents\Playground\University\senior-project-1\dataset\internet\clear\รายการเย็ดแม่.wav,106.408161,106.477792,เย็ด,106.32,106.62,1,['เย็ด'],0.23210333333328087,True
C:\Users\muldi\Documents\Playground\University\senior-project-1\dataset\internet\clear\รายการเย็ดแม่.wav,106.825602,106.866893,เย็ด,106.8,107.1,1,['มึง'],0.13763666666667157,False
C:\Users\muldi\Documents\Playground\University\senior-project-1\dataset\internet\clear\รายการเย็ดแม่.wav,107.189344,107.248474,เย็ด,107.16,107.82,1,['เย็ด'],0.08959090909090368,True
C:\Users\muldi\Documents\Playground\University\senior-project-1\dataset\internet\clear\รายการเย็ดแม่.wav,107.609723,107.672679,เย็ด,107.16,107.82,1,['เย็ด'],0.09538787878787897,True
C:\Users\muldi\Documents\Playground\University\senior-project-1\dataset\internet\clear\รายการเย็ดแม่.wav,107.993488,108.041082,เย็ด,108.0,108.3,1,['มึง'],0.13403064154096164,False
C:\Users\muldi\Documents\Playground\University\senior-project-1\dataset\internet\clear\รายการเย็ดแม่.wav,108.605772,108.675626,เย็ด,108.36,109.14,3,"['กู', 'เย็ด', 'เหี้ย']",0.08955641025640027,True
C:\Users\muldi\Documents\Playground\University\senior-project-1\dataset\internet\clear\รายการเย็ดแม่.wav,108.89964,108.958406,กู,108.6,109.14,1,['กู'],0.10882592592590881,True
C:\Users\muldi\Documents\Playground\University\senior-project-1\dataset\internet\clear\รายการเย็ดแม่.wav,114.864021,114.937478,เย็ด,114.6,115.14,2,"['กู', 'เย็ด']",0.13603148148148875,True
C:\Users\muldi\Documents\Playground\University\senior-project-1\dataset\internet\clear\รายการเย็ดแม่.wav,151.008217,151.136017,เย็ด,151.08,151.38,1,['กู'],0.1506712248811755,False
C:\Users\muldi\Documents\Playground\University\senior-project-1\dataset\internet\clear\รายการเย็ดแม่.wav,152.006016,152.092069,กู,151.8,152.34,1,['กู'],0.1593574074074487,True
C:\Users\muldi\Documents\Playground\University\senior-project-1\dataset\internet\clear\รายการเย็ดแม่.wav,170.145049,170.364915,มึง,169.68,170.58,2,"['มึง', 'เหี้ย']",0.24429555555554971,True
C:\Users\muldi\Documents\Playground\University\senior-project-1\dataset\internet\clear\รายการเย็ดแม่.wav,177.97553,178.04001,เย็ด,177.84,178.14,1,['เย็ด'],0.21493333333335624,True
C:\Users\muldi\Documents\Playground\University\senior-project-1\dataset\internet\clear\รายการเย็ดแม่.wav,182.152395,182.263848,เหี้ย,181.68,182.7,1,['เหี้ย'],0.10926764705880895,True
C:\Users\muldi\Documents\Playground\University\senior-project-1\dataset\internet\clear\รายการเย็ดแม่.wav,204.198727,204.293331,เหี้ย,204.24,204.54,1,['กู'],0.15627078614477455,False
C:\Users\muldi\Documents\Playground\University\senior-project-1\dataset\internet\clear\รายการเย็ดแม่.wav,204.34993,204.474592,มึง,204.24,204.54,1,['กู'],0.415540000000026,False
C:\Users\muldi\Documents\Playground\University\senior-project-1\dataset\internet\clear\รายการเย็ดแม่.wav,205.228977,205.311368,กู,204.72,205.5,1,['กู'],0.10562948717948858,True
C:\Users\muldi\Documents\Playground\University\senior-project-1\dataset\internet\clear\รายการเย็ดแม่.wav,206.395352,206.434756,กู,206.16,206.58,2,"['มึง', 'เย็ด']",0.09381904761902132,False
C:\Users\muldi\Documents\Playground\University\senior-project-1\dataset\internet\clear\รายการเย็ดแม่.wav,207.317418,207.401243,กู,207.12,207.54,1,['กู'],0.1995833333333161,True
C:\Users\muldi\Documents\Playground\University\senior-project-1\dataset\internet\clear\รายการเย็ดแม่.wav,208.711623,208.83127,เหี้ย,208.8,209.22,1,['เย็ด'],0.06150947033398085,False
C:\Users\muldi\Documents\Playground\University\senior-project-1\dataset\internet\clear\รายการเย็ดแม่.wav,208.892168,208.996769,เหี้ย,208.8,209.22,1,['เย็ด'],0.2490500000000131,False
C:\Users\muldi\Documents\Playground\University\senior-project-1\dataset\internet\clear\รายการเย็ดแม่.wav,243.468469,243.609901,มึง,243.24,243.9,1,['มึง'],0.21429090909092366,True
C:\Users\muldi\Documents\Playground\University\senior-project-1\dataset\internet\clear\รายการเย็ดแม่.wav,246.360368,246.591064,มึง,246.24,246.9,1,['มึง'],0.3495393939393877,True
C:\Users\muldi\Documents\Playground\University\senior-project-1\dataset\internet\clear\รายการเย็ดแม่.wav,255.14347,255.208223,กู,254.64,255.66,1,['กู'],0.06348333333332884,True
C:\Users\muldi\Documents\Playground\University\senior-project-1\dataset\internet\clear\รายการเย็ดแม่.wav,260.968038,261.259842,เหี้ย,260.16,261.78,3,"['กู', 'เย็ด', 'เหี้ย']",0.18012592592593993,True
C:\Users\muldi\Documents\Playground\University\senior-project-1\dataset\internet\clear\รายการเย็ดแม่.wav,297.626608,297.919932,เหี้ย,297.48,298.14,2,"['กู', 'เหี้ย']",0.4444303030303866,True
C:\Users\muldi\Documents\Playground\University\senior-project-1\dataset\internet\clear\รายการเย็ดแม่.wav,300.009289,300.090018,กู,299.76,300.18,1,['กู'],0.19221190476180824,True
C:\Users\muldi\Documents\Playground\University\senior-project-1\dataset\internet\clear\รายการเย็ดแม่.wav,405.083256,405.144555,กู,404.88,405.42,1,['กู'],0.11351666666669853,True
C:\Users\muldi\Documents\Playground\University\senior-project-1\dataset\internet\clear\รายการเย็ดแม่.wav,420.596908,421.001609,เหี้ย,420.36,420.9,2,"['เย็ด', 'เหี้ย']",0.472393622907427,True
C:\Users\muldi\Documents\Playground\University\senior-project-1\dataset\internet\clear\รายการเย็ดแม่.wav,432.51693,432.769975,เหี้ย,431.52,433.14,2,"['เย็ด', 'เหี้ย']",0.15620061728394152,True
C:\Users\muldi\Documents\Playground\University\senior-project-1\dataset\internet\clear\รายการเย็ดแม่.wav,435.798667,435.957718,เหี้ย,435.6,436.14,2,"['เย็ด', 'เหี้ย']",0.29453888888886565,True
C:\Users\muldi\Documents\Playground\University\senior-project-1\dataset\internet\clear\รายการเย็ดแม่.wav,444.43181,444.659627,เหี้ย,444.24,445.02,1,['เหี้ย'],0.2920730769231076,True
C:\Users\muldi\Documents\Playground\University\senior-project-1\dataset\internet\clear\รายการเย็ดแม่.wav,482.96594,483.06655,กู,482.76,483.3,1,['กู'],0.18631481481484,True
C:\Users\muldi\Documents\Playground\University\senior-project-1\dataset\internet\clear\รายการเย็ดแม่.wav,492.436153,492.55062,เหี้ย,491.52,492.66,1,['เหี้ย'],0.10040964912279492,True
C:\Users\muldi\Documents\Playground\University\senior-project-1\dataset\internet\clear\รายการเย็ดแม่.wav,493.803484,493.865236,กู,493.56,494.1,2,"['กู', 'เย็ด']",0.11435555555546945,True
C:\Users\muldi\Documents\Playground\University\senior-project-1\dataset\internet\clear\รายการเย็ดแม่.wav,508.49982,508.816712,เหี้ย,508.08,509.1,3,"['มึง', 'เย็ด', 'เหี้ย']",0.31067843137253304,True
C:\Users\muldi\Documents\Playground\University\senior-project-1\dataset\internet\clear\รายการเย็ดแม่.wav,510.198216,510.283245,กู,510.0,510.3,1,['กู'],0.28343000000005597,True
C:\Users\muldi\Documents\Playground\University\senior-project-1\dataset\internet\clear\รายการเย็ดแม่.wav,517.211817,517.37881,กู,516.84,517.74,2,"['กู', 'มึง']",0.18554777777783546,True
C:\Users\muldi\Documents\Playground\University\senior-project-1\dataset\internet\clear\รายการเย็ดแม่.wav,518.504897,518.633823,กู,518.28,518.7,2,"['กู', 'เย็ด']",0.3069666666665624,True
C:\Users\muldi\Documents\Playground\University\senior-project-1\dataset\internet\clear\รายการเย็ดแม่.wav,520.082131,520.161655,กู,519.84,520.26,1,['กู'],0.18934285714285692,True
C:\Users\muldi\Documents\Playground\University\senior-project-1\dataset\internet\clear\รายการเย็ดแม่.wav,560.29935,560.455384,มึง,559.56,560.7,1,['มึง'],0.13687192982452914,True
C:\Users\muldi\Documents\Playground\University\senior-project-1\dataset\internet\clear\รายการเย็ดแม่.wav,572.600549,572.885329,เย็ด,572.16,573.18,2,"['มึง', 'เย็ด']",0.2791960784313336,True
C:\Users\muldi\Documents\Playground\University\senior-project-1\dataset\internet\clear\รายการเย็ดแม่.wav,579.084401,579.259686,เหี้ย,578.76,579.18,1,['เหี้ย'],0.1913181477968033,True
C:\Users\muldi\Documents\Playground\University\senior-project-1\dataset\internet\clear\รายการเย็ดแม่.wav,580.978769,581.042601,กู,580.56,581.22,2,"['กู', 'มึง']",0.09671515151503943,True
C:\Users\muldi\Documents\Playground\University\senior-project-1\dataset\internet\clear\รายการเย็ดแม่.wav,582.340521,582.408406,เย็ด,582.12,582.54,2,"['เย็ด', 'เหี้ย']",0.16163095238107908,True
C:\Users\muldi\Documents\Playground\University\senior-project-1\dataset\internet\clear\รายการเย็ดแม่.wav,584.045751,584.129847,เย็ด,583.92,584.22,1,['เย็ด'],0.28032000000008633,True
C:\Users\muldi\Documents\Playground\University\senior-project-1\dataset\internet\clear\รายการเย็ดแม่.wav,588.810975,589.066576,เหี้ย,588.72,589.5,1,['เหี้ย'],0.32769358974369056,True
C:\Users\muldi\Documents\Playground\University\senior-project-1\dataset\internet\clear\รายการเย็ดแม่.wav,595.955513,596.080891,มึง,595.8,596.22,1,['มึง'],0.2985190476188891,True
C:\Users\muldi\Documents\Playground\University\senior-project-1\dataset\internet\clear\รายการเย็ดแม่.wav,609.501024,609.734472,เหี้ย,609.12,610.86,2,"['กู', 'เย็ด']",0.13416551724135162,False
C:\Users\muldi\Documents\Playground\University\senior-project-1\dataset\internet\clear\รายการเย็ดแม่.wav,643.744092,643.965478,เหี้ย,643.2,644.22,1,['เหี้ย'],0.21704509803915933,True
C:\Users\muldi\Documents\Playground\University\senior-project-1\dataset\internet\clear\รายการเย็ดแม่.wav,650.581929,650.733102,กู,649.56,650.94,1,['กู'],0.10954565217396617,True
C:\Users\muldi\Documents\Playground\University\senior-project-1\dataset\internet\clear\รายการเย็ดแม่.wav,651.98817,652.044403,กู,651.72,652.14,2,"['กู', 'เหี้ย']",0.13388809523815634,True
C:\Users\muldi\Documents\Playground\University\senior-project-1\dataset\internet\clear\รายการเย็ดแม่.wav,653.350944,653.425921,เหี้ย,653.16,653.7,2,"['เย็ด', 'เหี้ย']",0.13884629629625764,True
C:\Users\muldi\Documents\Playground\University\senior-project-1\dataset\internet\clear\รายการเย็ดแม่.wav,657.282481,657.446621,เหี้ย,657.12,657.54,1,['เหี้ย'],0.39080952380977274,True
C:\Users\muldi\Documents\Playground\University\senior-project-1\dataset\internet\clear\รายการเย็ดแม่.wav,659.466958,659.813023,เหี้ย,659.28,660.54,2,"['เย็ด', 'เหี้ย']",0.27465476190481697,True
C:\Users\muldi\Documents\Playground\University\senior-project-1\dataset\internet\clear\รายการเย็ดแม่.wav,670.011277,670.131769,เหี้ย,669.96,670.38,2,"['มึง', 'เย็ด']",0.28688571428577303,False
C:\Users\muldi\Documents\Playground\University\senior-project-1\dataset\internet\clear\รายการเย็ดแม่.wav,670.23739,670.498856,เหี้ย,669.96,670.86,3,"['มึง', 'เย็ด', 'เหี้ย']",0.290517777777831,True
C:\Users\muldi\Documents\Playground\University\senior-project-1\dataset\internet\clear\รายการเย็ดแม่.wav,675.244156,675.501157,เหี้ย,675.12,675.54,2,"['เย็ด', 'เหี้ย']",0.6119071428573437,True
C:\Users\muldi\Documents\Playground\University\senior-project-1\dataset\internet\clear\รายการเย็ดแม่.wav,702.701405,702.98938,เหี้ย,702.48,703.38,3,"['กู', 'กู', 'มึง']",0.31997222222218624,False
C:\Users\muldi\Documents\Playground\University\senior-project-1\dataset\internet\clear\รายการเย็ดแม่.wav,713.708822,713.789551,กู,713.4,714.06,1,['กู'],0.12231666666652966,True
C:\Users\muldi\Documents\Playground\University\senior-project-1\dataset\internet\clear\รายการเย็ดแม่.wav,745.701126,745.750773,กู,745.44,745.86,1,['กู'],0.11820714285700264,True
C:\Users\muldi\Documents\Playground\University\senior-project-1\dataset\internet\clear\รายการเย็ดแม่.wav,746.999046,747.131777,กู,746.76,747.18,1,['กู'],0.31602619047630515,True
C:\Users\muldi\Documents\Playground\University\senior-project-1\dataset\internet\clear\รายการเย็ดแม่.wav,748.311149,748.428681,กู,747.84,748.5,1,['กู'],0.17807878787877052,True
C:\Users\muldi\Documents\Playground\University\senior-project-1\dataset\internet\clear\รายการเย็ดแม่.wav,749.631062,749.695814,กู,748.8,749.94,1,['กู'],0.05679999999999378,True
C:\Users\muldi\Documents\Playground\University\senior-project-1\dataset\internet\clear\รายการเย็ดแม่.wav,752.345344,752.899998,เหี้ย,752.04,752.58,1,['เย็ด'],0.2728564485034631,False
C:\Users\muldi\Documents\Playground\University\senior-project-1\dataset\internet\clear\รายการเย็ดแม่.wav,774.227346,774.537475,กู,774.0,774.3,1,['เย็ด'],0.13517651983803325,False
C:\Users\muldi\Documents\Playground\University\senior-project-1\dataset\internet\clear\รายการเย็ดแม่.wav,783.76564,783.952415,เหี้ย,783.12,784.26,2,"['เย็ด', 'เหี้ย']",0.16383771929825763,True
C:\Users\muldi\Documents\Playground\University\senior-project-1\dataset\internet\clear\รายการเย็ดแม่.wav,784.98557,785.237397,เหี้ย,784.92,785.46,1,['เหี้ย'],0.4663462962961087,True
C:\Users\muldi\Documents\Playground\University\senior-project-1\dataset\internet\clear\รายการเย็ดแม่.wav,789.03354,789.221506,เหี้ย,788.76,789.66,2,"['เย็ด', 'เหี้ย']",0.20885111111107232,True
C:\Users\muldi\Documents\Playground\University\senior-project-1\dataset\internet\clear\รายการเย็ดแม่.wav,791.834966,791.947023,มึง,791.64,791.94,1,['มึง'],0.3421046631687538,True
C:\Users\muldi\Documents\Playground\University\senior-project-1\dataset\internet\clear\รายการเย็ดแม่.wav,792.926039,793.001441,มึง,792.84,793.14,1,['กู'],0.2513400000002171,False
C:\Users\muldi\Documents\Playground\University\senior-project-1\dataset\internet\clear\รายการเย็ดแม่.wav,797.709027,797.767465,กู,797.52,797.94,1,['กู'],0.13913809523812767,True
C:\Users\muldi\Documents\Playground\University\senior-project-1\dataset\internet\clear\รายการเย็ดแม่.wav,798.508588,798.554475,เย็ด,798.36,798.66,1,['เย็ด'],0.15295666666666768,True
C:\Users\muldi\Documents\Playground\University\senior-project-1\dataset\internet\clear\รายการเย็ดแม่.wav,815.714505,815.955984,เหี้ย,815.4,816.06,2,"['เย็ด', 'เหี้ย']",0.3658772727271585,True
C:\Users\muldi\Documents\Playground\University\senior-project-1\dataset\internet\clear\รายการเย็ดแม่.wav,816.910061,816.976332,กู,816.72,817.14,1,['กู'],0.15778809523790857,True
C:\Users\muldi\Documents\Playground\University\senior-project-1\dataset\internet\clear\รายการเย็ดแม่.wav,818.811827,818.89362,กู,818.64,819.78,1,['กู'],0.0717482456140899,True
C:\Users\muldi\Documents\Playground\University\senior-project-1\dataset\internet\clear\รายการเย็ดแม่.wav,822.855039,823.020567,เหี้ย,822.24,823.62,3,"['กู', 'มึง', 'เหี้ย']",0.11994782608695315,True
C:\Users\muldi\Documents\Playground\University\senior-project-1\dataset\internet\clear\รายการเย็ดแม่.wav,877.119001,877.22538,กู,876.96,877.5,2,"['กู', 'เย็ด']",0.19699814814806355,True
C:\Users\muldi\Documents\Playground\University\senior-project-1\dataset\internet\clear\รายการเย็ดแม่.wav,879.257549,879.393704,กู,879.0,879.78,1,['กู'],0.17455769230759197,True
C:\Users\muldi\Documents\Playground\University\senior-project-1\dataset\internet\clear\รายการเย็ดแม่.wav,934.816983,934.909691,เย็ด,934.56,935.58,2,"['มึง', 'เย็ด']",0.09089019607832709,True
C:\Users\muldi\Documents\Playground\University\senior-project-1\dataset\internet\clear\รายการเย็ดแม่.wav,943.810357,943.870424,กู,943.56,944.46,1,['กู'],0.06674111111110842,True
C:\Users\muldi\Documents\Playground\University\senior-project-1\dataset\internet\clear\รายการเย็ดแม่.wav,944.278358,944.338604,กู,943.56,944.46,1,['กู'],0.06694000000000042,True
C:\Users\muldi\Documents\Playground\University\senior-project-1\dataset\internet\clear\รายการเย็ดแม่.wav,951.787717,951.871307,เย็ด,951.6,952.02,1,['เย็ด'],0.19902380952372967,True
C:\Users\muldi\Documents\Playground\University\senior-project-1\dataset\internet\clear\รายการเย็ดแม่.wav,955.997899,956.071863,กู,955.68,956.1,1,['มึง'],0.1761047619048417,False
C:\Users\muldi\Documents\Playground\University\senior-project-1\dataset\internet\clear\รายการเย็ดแม่.wav,960.300035,960.340343,กู,960.0,960.66,2,"['กู', 'มึง']",0.061072727272702645,True
C:\Users\muldi\Documents\Playground\University\senior-project-1\dataset\internet\clear\ถ้าจะมาหลอกแค่นี้ อย่ามาดีกว่าไอ้น้อง.wav,15.136641,15.249674,มึง,15.0,15.42,2,"['กู', 'มึง']",0.26912619047619407,True
C:\Users\muldi\Documents\Playground\University\senior-project-1\dataset\internet\clear\ถ้าจะมาหลอกแค่นี้ อย่ามาดีกว่าไอ้น้อง.wav,15.877913,15.992726,กู,15.6,16.14,1,['กู'],0.21261666666666598,True
C:\Users\muldi\Documents\Playground\University\senior-project-1\dataset\internet\clear\ถ้าจะมาหลอกแค่นี้ อย่ามาดีกว่าไอ้น้อง.wav,19.382608,19.435473,กู,19.2,19.5,1,['กู'],0.17621666666666827,True
C:\Users\muldi\Documents\Playground\University\senior-project-1\dataset\internet\clear\ถ้าจะมาหลอกแค่นี้ อย่ามาดีกว่าไอ้น้อง.wav,42.592481,42.703995,กู,42.0,42.78,1,['กู'],0.14296666666666602,True
C:\Users\muldi\Documents\Playground\University\senior-project-1\dataset\internet\noise\จัดอันดับ ทหารสุดฮา.wav,5.628947,5.738788,เย็ด,5.04,6.06,3,"['กู', 'เย็ด', 'เหี้ย']",0.10768725490196025,True
C:\Users\muldi\Documents\Playground\University\senior-project-1\dataset\internet\clear\ใต้น้ำยังจะตามมาอีก!!.wav,6.003302,6.123607,เหี้ย,5.4,6.54,3,"['กู', 'มึง', 'เหี้ย']",0.10553070175438609,True
C:\Users\muldi\Documents\Playground\University\senior-project-1\dataset\internet\clear\ใต้น้ำยังจะตามมาอีก!!.wav,6.15593,6.231792,มึง,5.4,6.54,3,"['กู', 'มึง', 'เหี้ย']",0.06654561403508841,True
C:\Users\muldi\Documents\Playground\University\senior-project-1\dataset\internet\clear\ใต้น้ำยังจะตามมาอีก!!.wav,9.291706,9.370981,กู,8.52,9.42,1,['กู'],0.08808333333333426,True
C:\Users\muldi\Documents\Playground\University\senior-project-1\dataset\internet\clear\ใต้น้ำยังจะตามมาอีก!!.wav,9.973041,10.148739,มึง,9.84,10.26,1,['มึง'],0.4183285714285729,True
C:\Users\muldi\Documents\Playground\University\senior-project-1\dataset\internet\clear\ใต้น้ำยังจะตามมาอีก!!.wav,11.157715,11.280346,เหี้ย,11.04,11.58,1,['เหี้ย'],0.22709444444444435,True
C:\Users\muldi\Documents\Playground\University\senior-project-1\dataset\internet\clear\ใต้น้ำยังจะตามมาอีก!!.wav,12.346257,12.67384,กู,12.24,12.78,1,['กู'],0.6066351851851873,True
C:\Users\muldi\Documents\Playground\University\senior-project-1\dataset\internet\clear\ใต้น้ำยังจะตามมาอีก!!.wav,19.314388,19.363083,กู,19.08,19.62,1,['กู'],0.09017592592592288,True
C:\Users\muldi\Documents\Playground\University\senior-project-1\dataset\internet\clear\ใต้น้ำยังจะตามมาอีก!!.wav,21.499116,21.753045,เหี้ย,21.36,21.9,1,['เหี้ย'],0.47023888888888854,True
C:\Users\muldi\Documents\Playground\University\senior-project-1\dataset\internet\clear\ใต้น้ำยังจะตามมาอีก!!.wav,49.132166,49.415824,เหี้ย,49.08,49.5,1,['เหี้ย'],0.675376190476194,True
C:\Users\muldi\Documents\Playground\University\senior-project-1\dataset\internet\clear\Horror movie for WOKE!!!!!.wav,20.333268,20.429073,กู,20.16,20.46,1,['กู'],0.3193499999999945,True
C:\Users\muldi\Documents\Playground\University\senior-project-1\dataset\internet\clear\Horror movie for WOKE!!!!!.wav,22.757007,22.836244,มึง,22.56,22.98,1,['มึง'],0.18865952380952095,True
C:\Users\muldi\Documents\Playground\University\senior-project-1\dataset\internet\clear\Horror movie for WOKE!!!!!.wav,23.588952,23.693493,กู,23.28,23.82,1,['กู'],0.1935944444444468,True
C:\Users\muldi\Documents\Playground\University\senior-project-1\dataset\internet\clear\Horror movie for WOKE!!!!!.wav,26.331104,26.430791,กู,26.28,26.58,1,['กู'],0.3322900000000012,True
C:\Users\muldi\Documents\Playground\University\senior-project-1\dataset\internet\clear\Horror movie for WOKE!!!!!.wav,33.047886,33.199628,เหี้ย,32.88,33.42,2,"['มึง', 'เหี้ย']",0.28100370370370176,True
C:\Users\muldi\Documents\Playground\University\senior-project-1\dataset\internet\clear\Horror movie for WOKE!!!!!.wav,73.734201,73.795267,กู,73.56,73.98,1,['กู'],0.14539523809522972,True
C:\Users\muldi\Documents\Playground\University\senior-project-1\dataset\internet\clear\Horror movie for WOKE!!!!!.wav,74.353244,74.469129,มึง,74.4,74.94,1,['มึง'],0.11781558262717426,True
C:\Users\muldi\Documents\Playground\University\senior-project-1\dataset\internet\clear\Horror movie for WOKE!!!!!.wav,81.050803,81.486834,เหี้ย,80.76,81.78,3,"['มึง', 'มึง', 'เหี้ย']",0.42748137254902113,True
C:\Users\muldi\Documents\Playground\University\senior-project-1\dataset\internet\clear\Horror movie for WOKE!!!!!.wav,98.230894,98.383859,เหี้ย,97.92,98.58,1,['เหี้ย'],0.23176515151514465,True
C:\Users\muldi\Documents\Playground\University\senior-project-1\dataset\internet\clear\Horror movie for WOKE!!!!!.wav,99.263753,99.323238,กู,99.0,99.42,1,['กู'],0.14163095238097403,True
C:\Users\muldi\Documents\Playground\University\senior-project-1\dataset\internet\clear\Horror movie for WOKE!!!!!.wav,111.802627,111.995785,เหี้ย,111.48,112.74,3,"['มึง', 'เย็ด', 'เหี้ย']",0.1532999999999986,True
C:\Users\muldi\Documents\Playground\University\senior-project-1\dataset\internet\clear\Horror movie for WOKE!!!!!.wav,150.917787,151.058754,กู,150.24,151.14,1,['เย็ด'],0.15662999999999194,False
C:\Users\muldi\Documents\Playground\University\senior-project-1\dataset\internet\clear\Horror movie for WOKE!!!!!.wav,151.567484,151.66738,มึง,151.44,151.86,1,['มึง'],0.23784761904761265,True
C:\Users\muldi\Documents\Playground\University\senior-project-1\dataset\internet\clear\Horror movie for WOKE!!!!!.wav,152.239442,152.356048,เย็ด,152.04,153.42,2,"['เย็ด', 'เหี้ย']",0.08449710144926856,True
C:\Users\muldi\Documents\Playground\University\senior-project-1\dataset\internet\clear\Horror movie for WOKE!!!!!.wav,163.318824,163.452983,มึง,162.84,163.62,1,['มึง'],0.1719987179486954,True
C:\Users\muldi\Documents\Playground\University\senior-project-1\dataset\internet\clear\Horror movie for WOKE!!!!!.wav,185.493758,185.569102,เหี้ย,185.28,185.94,2,"['มึง', 'เหี้ย']",0.11415757575753509,True
C:\Users\muldi\Documents\Playground\University\senior-project-1\dataset\internet\clear\Horror movie for WOKE!!!!!.wav,233.901956,234.149153,เหี้ย,233.64,234.18,1,['เหี้ย'],0.45777222222220465,True
C:\Users\muldi\Documents\Playground\University\senior-project-1\dataset\internet\clear\Horror movie for WOKE!!!!!.wav,250.459551,250.719774,เหี้ย,249.96,251.22,2,"['กู', 'เหี้ย']",0.20652619047618906,True
C:\Users\muldi\Documents\Playground\University\senior-project-1\dataset\internet\clear\Horror movie for WOKE!!!!!.wav,250.719774,251.21267,เหี้ย,250.44,251.22,1,['เหี้ย'],0.63191794871795,True
C:\Users\muldi\Documents\Playground\University\senior-project-1\dataset\internet\clear\Horror movie for WOKE!!!!!.wav,390.442997,390.566065,กู,390.12,390.66,1,['กู'],0.22790370370367524,True
C:\Users\muldi\Documents\Playground\University\senior-project-1\dataset\internet\clear\Horror movie for WOKE!!!!!.wav,391.415775,391.554751,กู,391.2,391.74,1,['กู'],0.25736296296297867,True
C:\Users\muldi\Documents\Playground\University\senior-project-1\dataset\internet\clear\Horror movie for WOKE!!!!!.wav,394.134194,394.199266,มึง,393.84,394.38,1,['มึง'],0.12050370370377936,True
C:\Users\muldi\Documents\Playground\University\senior-project-1\dataset\internet\clear\Horror movie for WOKE!!!!!.wav,397.015719,397.114319,มึง,396.84,397.26,1,['มึง'],0.2347619047619747,True
C:\Users\muldi\Documents\Playground\University\senior-project-1\dataset\internet\clear\Horror movie for WOKE!!!!!.wav,401.002705,401.121534,มึง,400.56,401.22,2,"['กู', 'มึง']",0.18004393939394042,True
C:\Users\muldi\Documents\Playground\University\senior-project-1\dataset\internet\clear\Horror movie for WOKE!!!!!.wav,402.685803,402.815063,มึง,402.6,403.14,1,['มึง'],0.23937037037036415,True
C:\Users\muldi\Documents\Playground\University\senior-project-1\dataset\internet\clear\Horror movie for WOKE!!!!!.wav,430.135127,430.275271,มึง,430.08,430.74,1,['มึง'],0.21233939393933113,True
C:\Users\muldi\Documents\Playground\University\senior-project-1\dataset\internet\clear\Horror movie for WOKE!!!!!.wav,452.90394,453.234737,เหี้ย,452.64,453.42,2,"['มึง', 'เหี้ย']",0.4240987179487252,True
C:\Users\muldi\Documents\Playground\University\senior-project-1\dataset\internet\clear\Horror movie for WOKE!!!!!.wav,458.686766,459.008668,เหี้ย,458.28,459.06,2,"['เย็ด', 'เหี้ย']",0.41269487179488534,True
C:\Users\muldi\Documents\Playground\University\senior-project-1\dataset\internet\clear\Horror movie for WOKE!!!!!.wav,464.816067,464.951499,เหี้ย,464.76,465.06,1,['เหี้ย'],0.4514400000001065,True
C:\Users\muldi\Documents\Playground\University\senior-project-1\dataset\internet\clear\Horror movie for WOKE!!!!!.wav,475.581106,476.036344,เหี้ย,473.28,476.22,3,"['กู', 'กู', 'มึง']",0.15484285714285714,False
C:\Users\muldi\Documents\Playground\University\senior-project-1\dataset\internet\clear\Horror movie for WOKE!!!!!.wav,509.241952,509.339277,มึง,509.04,509.58,2,"['มึง', 'เย็ด']",0.18023148148141077,True
C:\Users\muldi\Documents\Playground\University\senior-project-1\dataset\internet\clear\Horror movie for WOKE!!!!!.wav,513.617569,513.691353,มึง,513.6,514.26,1,['มึง'],0.11179393939401454,True
C:\Users\muldi\Documents\Playground\University\senior-project-1\dataset\internet\clear\Horror movie for WOKE!!!!!.wav,515.319671,515.454993,มึง,515.04,515.58,1,['มึง'],0.2505962962962118,True
C:\Users\muldi\Documents\Playground\University\senior-project-1\dataset\internet\clear\Horror movie for WOKE!!!!!.wav,517.563128,517.703169,เหี้ย,517.2,518.34,3,"['กู', 'เย็ด', 'เหี้ย']",0.12284298245613878,True
C:\Users\muldi\Documents\Playground\University\senior-project-1\dataset\internet\clear\Horror movie for WOKE!!!!!.wav,518.187935,518.258267,มึง,517.68,518.58,2,"['กู', 'เย็ด']",0.07814666666666722,False
C:\Users\muldi\Documents\Playground\University\senior-project-1\dataset\internet\clear\Horror movie for WOKE!!!!!.wav,525.244557,525.37838,มึง,524.88,526.02,1,['กู'],0.11738859649123534,False
C:\Users\muldi\Documents\Playground\University\senior-project-1\dataset\internet\clear\Horror movie for WOKE!!!!!.wav,526.756592,526.882811,มึง,526.68,527.22,1,['กู'],0.23373888888884037,False
C:\Users\muldi\Documents\Playground\University\senior-project-1\dataset\internet\clear\Horror movie for WOKE!!!!!.wav,529.05042,529.238988,มึง,528.84,529.38,2,"['มึง', 'เย็ด']",0.34919999999987233,True
C:\Users\muldi\Documents\Playground\University\senior-project-1\dataset\internet\clear\Horror movie for WOKE!!!!!.wav,529.997856,530.119512,มึง,529.8,530.34,1,['มึง'],0.22528888888891213,True
C:\Users\muldi\Documents\Playground\University\senior-project-1\dataset\internet\clear\Horror movie for WOKE!!!!!.wav,531.398841,531.648311,มึง,531.24,532.02,2,"['กู', 'มึง']",0.31983333333345676,True
C:\Users\muldi\Documents\Playground\University\senior-project-1\dataset\internet\clear\Horror movie for WOKE!!!!!.wav,533.479786,533.591834,มึง,533.28,534.06,1,['มึง'],0.1436512820512343,True
C:\Users\muldi\Documents\Playground\University\senior-project-1\dataset\internet\clear\Horror movie for WOKE!!!!!.wav,535.710673,535.804459,มึง,535.68,536.1,1,['มึง'],0.2232999999997449,True
C:\Users\muldi\Documents\Playground\University\senior-project-1\dataset\internet\clear\Horror movie for WOKE!!!!!.wav,537.240854,537.410778,มึง,536.64,537.66,2,"['กู', 'มึง']",0.1665921568627846,True
C:\Users\muldi\Documents\Playground\University\senior-project-1\dataset\internet\clear\Horror movie for WOKE!!!!!.wav,545.810454,545.936284,มึง,545.64,546.06,2,"['กู', 'เย็ด']",0.2995952380951502,False
C:\Users\muldi\Documents\Playground\University\senior-project-1\dataset\internet\clear\Horror movie for WOKE!!!!!.wav,547.720982,547.806659,กู,547.32,548.1,2,"['กู', 'มึง']",0.10984230769220735,True
C:\Users\muldi\Documents\Playground\University\senior-project-1\dataset\internet\clear\Horror movie for WOKE!!!!!.wav,553.638961,553.736139,มึง,553.32,554.7,1,['มึง'],0.07041884057969974,True
C:\Users\muldi\Documents\Playground\University\senior-project-1\dataset\internet\clear\Horror movie for WOKE!!!!!.wav,554.729163,554.869955,เหี้ย,554.52,555.3,1,['เหี้ย'],0.18050256410261287,True
C:\Users\muldi\Documents\Playground\University\senior-project-1\dataset\internet\clear\Horror movie for WOKE!!!!!.wav,556.633008,556.74699,กู,556.2,556.86,1,['กู'],0.17269999999995453,True
C:\Users\muldi\Documents\Playground\University\senior-project-1\dataset\internet\clear\Horror movie for WOKE!!!!!.wav,557.46316,557.522838,กู,557.28,557.7,1,['กู'],0.14209047619036252,True
C:\Users\muldi\Documents\Playground\University\senior-project-1\dataset\internet\clear\Horror movie for WOKE!!!!!.wav,558.508045,558.549002,กู,558.36,558.78,2,"['กู', 'มึง']",0.09751666666652105,True
C:\Users\muldi\Documents\Playground\University\senior-project-1\dataset\internet\clear\Horror movie for WOKE!!!!!.wav,563.630125,563.687762,กู,,,0,[],0.0,False
C:\Users\muldi\Documents\Playground\University\senior-project-1\dataset\internet\clear\Horror movie for WOKE!!!!!.wav,564.888931,565.005133,เหี้ย,564.36,565.26,2,"['กู', 'เหี้ย']",0.12911333333338534,True
C:\Users\muldi\Documents\Playground\University\senior-project-1\dataset\internet\clear\Horror movie for WOKE!!!!!.wav,565.005133,565.128141,มึง,564.36,565.26,2,"['กู', 'เหี้ย']",0.1366755555555891,False
C:\Users\muldi\Documents\Playground\University\senior-project-1\dataset\internet\clear\Horror movie for WOKE!!!!!.wav,578.444391,578.589707,เหี้ย,578.16,578.82,1,['เหี้ย'],0.22017575757569965,True
C:\Users\muldi\Documents\Playground\University\senior-project-1\dataset\internet\clear\Horror movie for WOKE!!!!!.wav,588.041556,588.164565,มึง,587.88,588.54,2,"['กู', 'มึง']",0.18637727272731894,True
C:\Users\muldi\Documents\Playground\University\senior-project-1\dataset\internet\clear\Horror movie for WOKE!!!!!.wav,590.340617,590.501882,มึง,590.04,590.94,1,['มึง'],0.17918333333339442,True
C:\Users\muldi\Documents\Playground\University\senior-project-1\dataset\internet\clear\Horror movie for WOKE!!!!!.wav,592.253253,592.470812,กู,591.6,592.74,1,['กู'],0.19084122807022258,True
C:\Users\muldi\Documents\Playground\University\senior-project-1\dataset\internet\clear\Horror movie for WOKE!!!!!.wav,600.668629,600.829018,มึง,600.48,600.9,1,['มึง'],0.3818785714286306,True
C:\Users\muldi\Documents\Playground\University\senior-project-1\dataset\internet\clear\Horror movie for WOKE!!!!!.wav,609.000382,609.07399,มึง,,,0,[],0.0,False
C:\Users\muldi\Documents\Playground\University\senior-project-1\dataset\internet\clear\Horror movie for WOKE!!!!!.wav,609.712548,609.79455,มึง,609.6,610.02,1,['มึง'],0.19524285714284897,True
C:\Users\muldi\Documents\Playground\University\senior-project-1\dataset\internet\clear\Horror movie for WOKE!!!!!.wav,613.419926,613.51764,มึง,613.2,613.74,2,"['มึง', 'เหี้ย']",0.1809518518518572,True
C:\Users\muldi\Documents\Playground\University\senior-project-1\dataset\internet\clear\Horror movie for WOKE!!!!!.wav,653.168502,653.302061,มึง,653.16,654.06,1,['มึง'],0.14839888888888275,True
C:\Users\muldi\Documents\Playground\University\senior-project-1\dataset\internet\clear\Horror movie for WOKE!!!!!.wav,665.68181,665.798472,เหี้ย,665.4,665.82,2,"['เย็ด', 'เหี้ย']",0.27776666666639394,True
C:\Users\muldi\Documents\Playground\University\senior-project-1\dataset\internet\clear\Horror movie for WOKE!!!!!.wav,666.987188,667.081307,เหี้ย,666.36,667.14,2,"['กู', 'เหี้ย']",0.1206653846155062,True
C:\Users\muldi\Documents\Playground\University\senior-project-1\dataset\internet\clear\Horror movie for WOKE!!!!!.wav,670.684904,670.978038,เหี้ย,670.44,671.1,2,"['เย็ด', 'เหี้ย']",0.4441424242424595,True
C:\Users\muldi\Documents\Playground\University\senior-project-1\dataset\internet\clear\Horror movie for WOKE!!!!!.wav,724.323563,724.452612,เหี้ย,724.08,724.38,1,['เย็ด'],0.15146318422369467,False
C:\Users\muldi\Documents\Playground\University\senior-project-1\dataset\internet\clear\Horror movie for WOKE!!!!!.wav,729.294579,729.354724,กู,728.88,730.14,1,['กู'],0.047734126984154385,True
C:\Users\muldi\Documents\Playground\University\senior-project-1\dataset\internet\clear\Horror movie for WOKE!!!!!.wav,729.819817,729.877107,กู,728.88,730.14,1,['กู'],0.04546825396831779,True
C:\Users\muldi\Documents\Playground\University\senior-project-1\dataset\internet\clear\Horror movie for WOKE!!!!!.wav,731.950656,732.156887,เหี้ย,731.64,732.42,1,['เหี้ย'],0.2643987179487304,True
C:\Users\muldi\Documents\Playground\University\senior-project-1\dataset\internet\clear\Horror movie for WOKE!!!!!.wav,804.672483,804.803786,มึง,804.48,805.02,1,['มึง'],0.24315370370351438,True
C:\Users\muldi\Documents\Playground\University\senior-project-1\dataset\internet\clear\Horror movie for WOKE!!!!!.wav,808.109852,808.225243,เหี้ย,807.84,808.62,2,"['เย็ด', 'เหี้ย']",0.14793717948709673,True
C:\Users\muldi\Documents\Playground\University\senior-project-1\dataset\internet\clear\Horror movie for WOKE!!!!!.wav,811.995369,812.061021,เย็ด,812.04,812.46,1,['กู'],0.04524235360967389,False
C:\Users\muldi\Documents\Playground\University\senior-project-1\dataset\internet\clear\Horror movie for WOKE!!!!!.wav,813.065642,813.212459,กู,812.88,813.3,1,['กู'],0.3495642857141812,True
C:\Users\muldi\Documents\Playground\University\senior-project-1\dataset\internet\clear\Horror movie for WOKE!!!!!.wav,820.487649,820.600585,มึง,820.2,820.86,3,"['กู', 'มึง', 'เหี้ย']",0.17111515151514553,True
C:\Users\muldi\Documents\Playground\University\senior-project-1\dataset\internet\clear\Horror movie for WOKE!!!!!.wav,824.641056,824.729441,กู,824.52,825.06,1,['กู'],0.16367592592575714,True
C:\Users\muldi\Documents\Playground\University\senior-project-1\dataset\internet\clear\Horror movie for WOKE!!!!!.wav,825.192174,825.296762,มึง,825.12,825.66,1,['มึง'],0.1936814814813492,True
C:\Users\muldi\Documents\Playground\University\senior-project-1\dataset\internet\clear\Horror movie for WOKE!!!!!.wav,826.2586,826.356314,มึง,826.2,826.5,1,['มึง'],0.3257133333333704,True
C:\Users\muldi\Documents\Playground\University\senior-project-1\dataset\internet\clear\Horror movie for WOKE!!!!!.wav,826.801044,826.845714,กู,826.56,827.34,2,"['กู', 'มึง']",0.05726923076921985,True
C:\Users\muldi\Documents\Playground\University\senior-project-1\dataset\internet\clear\Horror movie for WOKE!!!!!.wav,857.558741,857.743722,มึง,857.4,857.94,2,"['กู', 'มึง']",0.34255740740734614,True
C:\Users\muldi\Documents\Playground\University\senior-project-1\dataset\internet\clear\Horror movie for WOKE!!!!!.wav,858.202414,858.26281,กู,858.0,858.54,2,"['เย็ด', 'เหี้ย']",0.11184444444439422,False
C:\Users\muldi\Documents\Playground\University\senior-project-1\dataset\internet\clear\Horror movie for WOKE!!!!!.wav,860.288098,860.487803,เหี้ย,860.16,860.58,1,['เหี้ย'],0.4754880952379997,True
C:\Users\muldi\Documents\Playground\University\senior-project-1\dataset\internet\clear\Horror movie for WOKE!!!!!.wav,861.033525,861.155742,มึง,860.76,861.3,3,"['กู', 'มึง', 'เย็ด']",0.22632777777775195,True
C:\Users\muldi\Documents\Playground\University\senior-project-1\dataset\internet\clear\Horror movie for WOKE!!!!!.wav,868.892179,868.975509,กู,868.56,869.34,1,['กู'],0.10683333333323512,True
C:\Users\muldi\Documents\Playground\University\senior-project-1\dataset\internet\clear\Horror movie for WOKE!!!!!.wav,871.858363,872.088432,มึง,871.44,872.1,3,"['กู', 'มึง', 'เย็ด']",0.3485893939393466,True
C:\Users\muldi\Documents\Playground\University\senior-project-1\dataset\internet\clear\Horror movie for WOKE!!!!!.wav,874.196434,874.262231,มึง,873.36,874.98,2,"['กู', 'มึง']",0.04061543209882007,True
C:\Users\muldi\Documents\Playground\University\senior-project-1\dataset\internet\clear\Horror movie for WOKE!!!!!.wav,878.845873,879.022595,มึง,878.64,879.06,1,['มึง'],0.4207666666668045,True
C:\Users\muldi\Documents\Playground\University\senior-project-1\dataset\internet\clear\Horror movie for WOKE!!!!!.wav,883.33046,883.399002,มึง,883.08,883.74,2,"['มึง', 'เย็ด']",0.10385151515148904,True
C:\Users\muldi\Documents\Playground\University\senior-project-1\dataset\internet\clear\Horror movie for WOKE!!!!!.wav,895.583998,895.792101,เหี้ย,895.44,895.86,2,"['เย็ด', 'เหี้ย']",0.49548333333350303,True
C:\Users\muldi\Documents\Playground\University\senior-project-1\dataset\internet\clear\Horror movie for WOKE!!!!!.wav,917.822094,918.126248,เหี้ย,917.64,918.06,2,"['เย็ด', 'เหี้ย']",0.4892688504629945,True
C:\Users\muldi\Documents\Playground\University\senior-project-1\dataset\internet\clear\Horror movie for WOKE!!!!!.wav,926.062676,926.12107,กู,926.04,926.58,1,['กู'],0.10813703703706072,True
C:\Users\muldi\Documents\Playground\University\senior-project-1\dataset\internet\clear\Horror movie for WOKE!!!!!.wav,926.61858,926.72252,มึง,,,0,[],0.0,False
C:\Users\muldi\Documents\Playground\University\senior-project-1\dataset\internet\clear\Horror movie for WOKE!!!!!.wav,968.86868,968.995063,มึง,968.76,969.18,1,['มึง'],0.3009119047617409,True
C:\Users\muldi\Documents\Playground\University\senior-project-1\dataset\internet\clear\Horror movie for WOKE!!!!!.wav,969.668184,969.732764,กู,969.48,970.14,1,['กู'],0.09784848484845639,True
C:\Users\muldi\Documents\Playground\University\senior-project-1\dataset\internet\clear\Horror movie for WOKE!!!!!.wav,973.585812,973.751065,กู,973.08,973.74,2,"['กู', 'มึง']",0.22976611803622116,True
C:\Users\muldi\Documents\Playground\University\senior-project-1\dataset\internet\clear\Horror movie for WOKE!!!!!.wav,983.589043,983.710327,มึง,983.4,983.94,1,['มึง'],0.22460000000007835,True
C:\Users\muldi\Documents\Playground\University\senior-project-1\dataset\internet\clear\Horror movie for WOKE!!!!!.wav,985.589448,985.716745,มึง,985.32,985.86,1,['มึง'],0.2357351851851986,True
C:\Users\muldi\Documents\Playground\University\senior-project-1\dataset\internet\clear\Horror movie for WOKE!!!!!.wav,988.907593,989.077489,มึง,988.2,989.7,1,['กู'],0.11326399999999619,False
C:\Users\muldi\Documents\Playground\University\senior-project-1\dataset\internet\clear\Horror movie for WOKE!!!!!.wav,991.838474,991.937081,เหี้ย,991.44,992.1,3,"['กู', 'มึง', 'เหี้ย']",0.14940454545457604,True
C:\Users\muldi\Documents\Playground\University\senior-project-1\dataset\internet\clear\Horror movie for WOKE!!!!!.wav,1001.347021,1001.405699,กู,1001.16,1001.46,1,['กู'],0.195593333333243,True
C:\Users\muldi\Documents\Playground\University\senior-project-1\dataset\internet\clear\Horror movie for WOKE!!!!!.wav,1013.980815,1014.247088,เหี้ย,1013.28,1014.3,3,"['กู', 'เย็ด', 'เหี้ย']",0.26105196078427484,True
C:\Users\muldi\Documents\Playground\University\senior-project-1\dataset\internet\clear\Horror movie for WOKE!!!!!.wav,1017.151567,1017.282368,มึง,1017.0,1017.42,1,['มึง'],0.31143095238102914,True
C:\Users\muldi\Documents\Playground\University\senior-project-1\dataset\internet\clear\Horror movie for WOKE!!!!!.wav,1019.501843,1019.681002,มึง,1019.28,1019.82,2,"['กู', 'มึง']",0.3317759259259283,True
C:\Users\muldi\Documents\Playground\University\senior-project-1\dataset\internet\clear\Horror movie for WOKE!!!!!.wav,1021.308714,1021.496207,เหี้ย,1020.96,1021.62,1,['เหี้ย'],0.2840803030303435,True
C:\Users\muldi\Documents\Playground\University\senior-project-1\dataset\internet\clear\Horror movie for WOKE!!!!!.wav,1021.628146,1021.86147,เหี้ย,1021.56,1022.1,2,"['มึง', 'เหี้ย']",0.43208148148149134,True
C:\Users\muldi\Documents\Playground\University\senior-project-1\dataset\internet\clear\Horror movie for WOKE!!!!!.wav,1055.739439,1056.095925,เหี้ย,1055.28,1056.06,2,"['เย็ด', 'เหี้ย']",0.3928804730826436,True
C:\Users\muldi\Documents\Playground\University\senior-project-1\dataset\internet\clear\Horror movie for WOKE!!!!!.wav,1063.637166,1063.742717,เหี้ย,1063.44,1063.86,1,['เหี้ย'],0.25131190476224724,True
C:\Users\muldi\Documents\Playground\University\senior-project-1\dataset\internet\clear\Horror movie for WOKE!!!!!.wav,1065.715189,1065.791989,เหี้ย,,,0,[],0.0,False
C:\Users\muldi\Documents\Playground\University\senior-project-1\dataset\internet\clear\Horror movie for WOKE!!!!!.wav,1080.7143,1080.795547,กู,1080.48,1080.9,2,"['กู', 'มึง']",0.19344523809484365,True
C:\Users\muldi\Documents\Playground\University\senior-project-1\dataset\internet\clear\Horror movie for WOKE!!!!!.wav,1081.315316,1081.453505,กู,1081.08,1082.58,1,['กู'],0.09212600000000748,True
C:\Users\muldi\Documents\Playground\University\senior-project-1\dataset\internet\clear\Horror movie for WOKE!!!!!.wav,1103.257582,1103.337128,กู,1102.56,1103.58,1,['กู'],0.07798627450974317,True
C:\Users\muldi\Documents\Playground\University\senior-project-1\dataset\internet\clear\Horror movie for WOKE!!!!!.wav,1105.728802,1105.802298,กู,1105.32,1105.98,2,"['กู', 'เหี้ย']",0.11135757575752764,True
C:\Users\muldi\Documents\Playground\University\senior-project-1\dataset\internet\clear\โอ๊ต.wav,20.486934,20.566161,กู,20.4,20.94,1,['กู'],0.146716666666665,True
C:\Users\muldi\Documents\Playground\University\senior-project-1\dataset\internet\clear\โอ๊ต.wav,58.079944,58.166041,มึง,57.96,58.26,1,['มึง'],0.2869900000000104,True
C:\Users\muldi\Documents\Playground\University\senior-project-1\dataset\internet\clear\โอ๊ต.wav,127.448485,127.531236,กู,127.08,127.5,1,['เหี้ย'],0.11416420675653956,False
C:\Users\muldi\Documents\Playground\University\senior-project-1\dataset\internet\clear\โอ๊ต.wav,130.582868,130.697271,กู,130.44,130.74,1,['กู'],0.3813433333333523,True
C:\Users\muldi\Documents\Playground\University\senior-project-1\dataset\internet\clear\โอ๊ต.wav,144.605871,144.666751,กู,144.48,144.78,1,['กู'],0.20293333333331692,True
C:\Users\muldi\Documents\Playground\University\senior-project-1\dataset\internet\clear\โอ๊ต.wav,239.426206,239.561406,กู,239.16,239.82,3,"['กู', 'มึง', 'เหี้ย']",0.2048484848484822,True
C:\Users\muldi\Documents\Playground\University\senior-project-1\dataset\internet\clear\โอ๊ต.wav,273.115236,273.261592,กู,273.0,273.3,1,['กู'],0.4878533333334005,True
C:\Users\muldi\Documents\Playground\University\senior-project-1\dataset\internet\clear\โอ๊ต.wav,273.623776,273.757049,กู,273.48,273.78,1,['กู'],0.4442433333333147,True
C:\Users\muldi\Documents\Playground\University\senior-project-1\dataset\internet\clear\โอ๊ต.wav,1076.691332,1076.847038,เหี้ย,1076.4,1077.78,2,"['มึง', 'เหี้ย']",0.11283043478262504,True
C:\Users\muldi\Documents\Playground\University\senior-project-1\dataset\internet\clear\โอ๊ต.wav,1088.796851,1088.85874,กู,1088.28,1088.94,1,['กู'],0.09377121212095402,True
C:\Users\muldi\Documents\Playground\University\senior-project-1\dataset\internet\clear\โอ๊ต.wav,1163.000211,1163.162908,มึง,1162.8,1163.34,2,"['กู', 'เหี้ย']",0.3012907407407242,False
C:\Users\muldi\Documents\Playground\University\senior-project-1\dataset\internet\clear\โอ๊ต.wav,1169.9105,1170.010576,กู,1169.4,1170.06,1,['กู'],0.15163030303025243,True
C:\Users\muldi\Documents\Playground\University\senior-project-1\dataset\internet\clear\โอ๊ต.wav,1301.148195,1301.295464,เหี้ย,1300.92,1301.46,1,['เหี้ย'],0.27272037037048347,True
C:\Users\muldi\Documents\Playground\University\senior-project-1\dataset\internet\clear\เดินเตะทุกอย่างบนโลก!.wav,3.035611,3.178815,กู,0.0,3.3,2,"['กู', 'เหี้ย']",0.043395151515151616,True
C:\Users\muldi\Documents\Playground\University\senior-project-1\dataset\internet\clear\เดินเตะทุกอย่างบนโลก!.wav,5.004079,5.059272,กู,,,0,[],0.0,False
C:\Users\muldi\Documents\Playground\University\senior-project-1\dataset\internet\clear\เดินเตะทุกอย่างบนโลก!.wav,9.521606,9.623394,กู,9.12,10.38,3,"['กู', 'เย็ด', 'เหี้ย']",0.08078412698412617,True
C:\Users\muldi\Documents\Playground\University\senior-project-1\dataset\internet\clear\เดินเตะทุกอย่างบนโลก!.wav,11.70444,11.758234,กู,11.52,11.94,1,['กู'],0.12808095238095216,True
C:\Users\muldi\Documents\Playground\University\senior-project-1\dataset\internet\clear\เดินเตะทุกอย่างบนโลก!.wav,15.789596,15.85552,กู,,,0,[],0.0,False
C:\Users\muldi\Documents\Playground\University\senior-project-1\dataset\internet\clear\เดินเตะทุกอย่างบนโลก!.wav,16.122258,16.224024,กู,16.08,16.38,1,['กู'],0.33922000000000374,True
C:\Users\muldi\Documents\Playground\University\senior-project-1\dataset\internet\clear\เดินเตะทุกอย่างบนโลก!.wav,16.893305,16.965558,กู,16.68,17.1,1,['กู'],0.17203095238095145,True
C:\Users\muldi\Documents\Playground\University\senior-project-1\dataset\internet\clear\เดินเตะทุกอย่างบนโลก!.wav,20.497368,20.574535,กู,20.28,20.7,1,['กู'],0.18373095238095158,True
C:\Users\muldi\Documents\Playground\University\senior-project-1\dataset\internet\clear\เดินเตะทุกอย่างบนโลก!.wav,21.529066,21.662097,กู,21.24,21.78,2,"['กู', 'เหี้ย']",0.24635370370370063,True
C:\Users\muldi\Documents\Playground\University\senior-project-1\dataset\internet\clear\เดินเตะทุกอย่างบนโลก!.wav,27.473708,27.567175,กู,27.24,27.66,1,['กู'],0.22254047619047626,True
C:\Users\muldi\Documents\Playground\University\senior-project-1\dataset\internet\clear\เดินเตะทุกอย่างบนโลก!.wav,29.356449,29.435105,กู,29.28,29.7,1,['กู'],0.18727619047618826,True
C:\Users\muldi\Documents\Playground\University\senior-project-1\dataset\internet\clear\เดินเตะทุกอย่างบนโลก!.wav,32.091262,32.144963,กู,31.92,32.34,1,['กู'],0.12785952380951535,True
C:\Users\muldi\Documents\Playground\University\senior-project-1\dataset\internet\clear\เดินเตะทุกอย่างบนโลก!.wav,33.693795,33.789264,กู,33.48,33.9,1,['กู'],0.22730714285714518,True
C:\Users\muldi\Documents\Playground\University\senior-project-1\dataset\internet\clear\เดินเตะทุกอย่างบนโลก!.wav,35.039413,35.166954,กู,34.8,35.46,2,"['กู', 'มึง']",0.19324393939392875,True
C:\Users\muldi\Documents\Playground\University\senior-project-1\dataset\internet\clear\เดินเตะทุกอย่างบนโลก!.wav,44.130655,44.363041,กู,43.92,44.46,1,['กู'],0.43034444444445497,True
C:\Users\muldi\Documents\Playground\University\senior-project-1\dataset\internet\clear\มันไปเล่นเอไอเอสชั่วโมงละ60บาท.wav,3.948172,4.024041,กู,3.6,4.26,1,['กู'],0.11495303030303097,True
C:\Users\muldi\Documents\Playground\University\senior-project-1\dataset\internet\clear\มันไปเล่นเอไอเอสชั่วโมงละ60บาท.wav,5.286131,5.396971,กู,5.04,5.46,1,['กู'],0.26390476190476103,True
C:\Users\muldi\Documents\Playground\University\senior-project-1\dataset\internet\clear\มันไปเล่นเอไอเอสชั่วโมงละ60บาท.wav,8.614763,8.872702,เหี้ย,8.4,9.42,1,['เหี้ย'],0.25288137254902004,True
C:\Users\muldi\Documents\Playground\University\senior-project-1\dataset\internet\clear\มันไปเล่นเอไอเอสชั่วโมงละ60บาท.wav,9.110158,9.19415,กู,8.4,9.42,1,['เหี้ย'],0.082345098039216,False
C:\Users\muldi\Documents\Playground\University\senior-project-1\dataset\internet\clear\มันไปเล่นเอไอเอสชั่วโมงละ60บาท.wav,10.540894,10.616774,กู,10.44,10.74,1,['กู'],0.25293333333333184,True
C:\Users\muldi\Documents\Playground\University\senior-project-1\dataset\internet\effect\เมื่อไตระบายความในใจ.wav,93.00204,93.13855,มึง,93.0,93.42,1,['กู'],0.32502380952381116,False
C:\Users\muldi\Documents\Playground\University\senior-project-1\dataset\internet\clear\อะไรหายากสุด.wav,13.986202,14.05307,มึง,13.68,14.34,1,['มึง'],0.1013151515151507,True
C:\Users\muldi\Documents\Playground\University\senior-project-1\dataset\internet\clear\อะไรหายากสุด.wav,16.797544,16.968696,กู,16.08,17.22,2,"['กู', 'มึง']",0.15013333333333576,True
C:\Users\muldi\Documents\Playground\University\senior-project-1\dataset\internet\clear\ประชุมรวมญาติเชลซี.wav,142.941353,143.029457,กู,142.8,143.22,1,['กู'],0.20977142857147174,True
C:\Users\muldi\Documents\Playground\University\senior-project-1\dataset\internet\clear\ประชุมรวมญาติเชลซี.wav,143.633679,143.746699,เหี้ย,143.04,144.18,2,"['กู', 'เหี้ย']",0.09914035087719687,True
C:\Users\muldi\Documents\Playground\University\senior-project-1\dataset\internet\clear\ประชุมรวมญาติเชลซี.wav,144.797836,144.835388,กู,144.48,145.38,1,['กู'],0.041724444444449886,True
C:\Users\muldi\Documents\Playground\University\senior-project-1\dataset\internet\clear\ประชุมรวมญาติเชลซี.wav,180.565019,180.615698,กู,180.36,181.02,1,['เหี้ย'],0.07678636363636761,False
C:\Users\muldi\Documents\Playground\University\senior-project-1\dataset\internet\clear\ประชุมรวมญาติเชลซี.wav,181.523369,181.735847,กู,181.2,181.98,1,['กู'],0.2724076923076975,True
C:\Users\muldi\Documents\Playground\University\senior-project-1\dataset\internet\clear\ศาลเจ้าทางม้าลายอยู่ไหน!!.wav,39.778927,39.904416,กู,39.0,40.14,1,['กู'],0.11007807017543383,True
C:\Users\muldi\Documents\Playground\University\senior-project-1\dataset\internet\clear\ศาลเจ้าทางม้าลายอยู่ไหน!!.wav,43.993688,44.101438,เหี้ย,43.92,44.22,1,['มึง'],0.35916666666667973,False
C:\Users\muldi\Documents\Playground\University\senior-project-1\dataset\internet\clear\ศาลเจ้าทางม้าลายอยู่ไหน!!.wav,45.377464,45.495142,กู,45.12,45.66,1,['กู'],0.21792222222221877,True
C:\Users\muldi\Documents\Playground\University\senior-project-1\dataset\internet\clear\จารย์แดง1.wav,0.113714,0.194503,กู,0.0,0.3,1,['กู'],0.26929666666666674,True
C:\Users\muldi\Documents\Playground\University\senior-project-1\dataset\internet\clear\จารย์แดง1.wav,3.472544,3.657632,เหี้ย,3.24,4.02,1,['เหี้ย'],0.23729230769230777,True
C:\Users\muldi\Documents\Playground\University\senior-project-1\dataset\internet\clear\จารย์แดง1.wav,4.661521,4.793888,มึง,4.44,4.86,1,['มึง'],0.31515952380952467,True
C:\Users\muldi\Documents\Playground\University\senior-project-1\dataset\internet\clear\จารย์แดง1.wav,6.532306,6.669085,มึง,6.36,6.78,1,['มึง'],0.3256642857142852,True
C:\Users\muldi\Documents\Playground\University\senior-project-1\dataset\internet\clear\จารย์แดง1.wav,7.40837,7.649822,เหี้ย,6.96,7.98,2,"['มึง', 'เหี้ย']",0.2367176470588241,True
C:\Users\muldi\Documents\Playground\University\senior-project-1\dataset\internet\clear\จารย์แดง1.wav,7.697617,7.913764,มึง,6.96,7.98,2,"['มึง', 'เหี้ย']",0.2119088235294111,True
C:\Users\muldi\Documents\Playground\University\senior-project-1\dataset\internet\clear\จารย์แดง1.wav,8.525175,8.880846,เหี้ย,8.28,9.06,1,['เหี้ย'],0.45598846153845984,True
C:\Users\muldi\Documents\Playground\University\senior-project-1\dataset\internet\clear\จารย์แดง1.wav,9.145259,9.308274,มึง,9.0,9.3,1,['มึง'],0.5019592959510076,True
C:\Users\muldi\Documents\Playground\University\senior-project-1\dataset\internet\clear\ลิ้นจระเข้ กินอะไรก็อร่อย.wav,3.114908,3.344441,กู,2.88,3.42,1,['กู'],0.4250611111111119,True
C:\Users\muldi\Documents\Playground\University\senior-project-1\dataset\internet\clear\ลิ้นจระเข้ กินอะไรก็อร่อย.wav,6.109426,6.219232,กู,5.88,6.3,1,['กู'],0.2614428571428568,True
C:\Users\muldi\Documents\Playground\University\senior-project-1\dataset\internet\clear\ลิ้นจระเข้ กินอะไรก็อร่อย.wav,12.082587,12.34321,กู,11.88,12.54,1,['กู'],0.3948833333333327,True
C:\Users\muldi\Documents\Playground\University\senior-project-1\dataset\internet\clear\ลิ้นจระเข้ กินอะไรก็อร่อย.wav,18.205243,18.344153,กู,18.0,18.42,1,['กู'],0.330738095238092,True
C:\Users\muldi\Documents\Playground\University\senior-project-1\dataset\internet\clear\ลิ้นจระเข้ กินอะไรก็อร่อย.wav,19.292715,19.410459,กู,19.08,19.5,1,['กู'],0.28034285714285195,True
C:\Users\muldi\Documents\Playground\University\senior-project-1\dataset\internet\clear\ลิ้นจระเข้ กินอะไรก็อร่อย.wav,20.167191,20.286258,กู,19.92,20.46,1,['กู'],0.2204944444444469,True
C:\Users\muldi\Documents\Playground\University\senior-project-1\dataset\internet\clear\ลิ้นจระเข้ กินอะไรก็อร่อย.wav,39.736405,39.81446,กู,39.72,40.38,1,['กู'],0.11826515151514949,True
C:\Users\muldi\Documents\Playground\University\senior-project-1\dataset\internet\clear\ลิ้นจระเข้ กินอะไรก็อร่อย.wav,40.202087,40.296876,กู,39.72,40.86,2,"['กู', 'เหี้ย']",0.08314824561403389,True
C:\Users\muldi\Documents\Playground\University\senior-project-1\dataset\internet\clear\ลิ้นจระเข้ กินอะไรก็อร่อย.wav,41.355024,41.494083,มึง,41.28,41.58,1,['มึง'],0.4635300000000149,True
C:\Users\muldi\Documents\Playground\University\senior-project-1\dataset\internet\clear\ลิ้นจระเข้ กินอะไรก็อร่อย.wav,41.640929,41.80335,กู,41.52,41.82,1,['กู'],0.5414033333333449,True
C:\Users\muldi\Documents\Playground\University\senior-project-1\dataset\internet\clear\ลิ้นจระเข้ กินอะไรก็อร่อย.wav,53.828056,53.949316,กู,53.64,54.42,1,['กู'],0.15546153846154667,True
C:\Users\muldi\Documents\Playground\University\senior-project-1\dataset\internet\clear\ลิ้นจระเข้ กินอะไรก็อร่อย.wav,58.714533,58.819942,กู,58.44,59.1,2,"['เย็ด', 'เหี้ย']",0.1597106060605969,False
C:\Users\muldi\Documents\Playground\University\senior-project-1\dataset\internet\clear\ลิ้นจระเข้ กินอะไรก็อร่อย.wav,58.819942,58.993002,เหี้ย,58.68,59.1,1,['เหี้ย'],0.4120476190476163,True
C:\Users\muldi\Documents\Playground\University\senior-project-1\dataset\internet\clear\ลิ้นจระเข้ กินอะไรก็อร่อย.wav,59.809531,59.887408,กู,,,0,[],0.0,False
C:\Users\muldi\Documents\Playground\University\senior-project-1\dataset\internet\clear\ลิ้นจระเข้ กินอะไรก็อร่อย.wav,60.657525,60.766867,กู,60.48,60.9,1,['กู'],0.26033809523808954,True
C:\Users\muldi\Documents\Playground\University\senior-project-1\dataset\internet\clear\Yo mama & แซนวิชบลูเบอร์รี่.wav,19.032041,19.153205,มึง,,,0,[],0.0,False
C:\Users\muldi\Documents\Playground\University\senior-project-1\dataset\internet\clear\Yo mama & แซนวิชบลูเบอร์รี่.wav,23.022478,23.217391,มึง,21.72,23.22,1,['มึง'],0.12994199999999978,True
C:\Users\muldi\Documents\Playground\University\senior-project-1\dataset\internet\clear\Yo mama & แซนวิชบลูเบอร์รี่.wav,24.340333,24.50921,มึง,24.12,25.38,1,['มึง'],0.134029365079364,True
C:\Users\muldi\Documents\Playground\University\senior-project-1\dataset\internet\clear\Yo mama & แซนวิชบลูเบอร์รี่.wav,26.009433,26.205666,มึง,25.56,26.7,1,['มึง'],0.1721342105263152,True
C:\Users\muldi\Documents\Playground\University\senior-project-1\dataset\internet\clear\Yo mama & แซนวิชบลูเบอร์รี่.wav,28.161061,28.271807,มึง,27.36,28.5,1,['มึง'],0.0971456140350867,True
C:\Users\muldi\Documents\Playground\University\senior-project-1\dataset\internet\clear\Yo mama & แซนวิชบลูเบอร์รี่.wav,29.996729,30.232618,มึง,28.68,30.42,1,['มึง'],0.13556839080459768,True
C:\Users\muldi\Documents\Playground\University\senior-project-1\dataset\internet\clear\Yo mama & แซนวิชบลูเบอร์รี่.wav,34.418552,34.59257,มึง,33.96,35.1,1,['มึง'],0.15264736842105586,True
C:\Users\muldi\Documents\Playground\University\senior-project-1\dataset\internet\clear\Yo mama & แซนวิชบลูเบอร์รี่.wav,40.5462,40.65505,มึง,40.32,40.98,1,['มึง'],0.16492424242424916,True
C:\Users\muldi\Documents\Playground\University\senior-project-1\dataset\internet\clear\Yo mama & แซนวิชบลูเบอร์รี่.wav,44.669968,44.885318,มึง,44.04,44.94,1,['มึง'],0.23927777777777906,True
C:\Users\muldi\Documents\Playground\University\senior-project-1\dataset\internet\clear\Yo mama & แซนวิชบลูเบอร์รี่.wav,57.951197,58.117316,มึง,56.76,58.14,1,['มึง'],0.1203760869565229,True
C:\Users\muldi\Documents\Playground\University\senior-project-1\dataset\internet\clear\Yo mama & แซนวิชบลูเบอร์รี่.wav,60.009619,60.131435,มึง,59.64,60.9,1,['มึง'],0.09667936507936728,True
C:\Users\muldi\Documents\Playground\University\senior-project-1\dataset\internet\clear\Yo mama & แซนวิชบลูเบอร์รี่.wav,61.845558,61.939615,มึง,61.08,62.1,1,['มึง'],0.0922127450980453,True
C:\Users\muldi\Documents\Playground\University\senior-project-1\dataset\internet\clear\Yo mama & แซนวิชบลูเบอร์รี่.wav,79.568686,79.781013,มึง,79.2,79.86,1,['มึง'],0.32170757575758036,True
C:\Users\muldi\Documents\Playground\University\senior-project-1\dataset\internet\clear\Yo mama & แซนวิชบลูเบอร์รี่.wav,83.715585,83.926981,มึง,82.8,83.94,1,['มึง'],0.18543508771929243,True
C:\Users\muldi\Documents\Playground\University\senior-project-1\dataset\internet\clear\Yo mama & แซนวิชบลูเบอร์รี่.wav,87.515124,87.703239,มึง,87.12,87.78,1,['มึง'],0.2850227272727231,True
C:\Users\muldi\Documents\Playground\University\senior-project-1\dataset\internet\clear\Yo mama & แซนวิชบลูเบอร์รี่.wav,92.078296,92.249414,มึง,91.68,92.82,1,['มึง'],0.15010350877193776,True
C:\Users\muldi\Documents\Playground\University\senior-project-1\dataset\internet\clear\Yo mama & แซนวิชบลูเบอร์รี่.wav,96.701384,96.844937,มึง,96.24,97.14,1,['มึง'],0.15950333333332917,True
C:\Users\muldi\Documents\Playground\University\senior-project-1\dataset\internet\clear\Yo mama & แซนวิชบลูเบอร์รี่.wav,98.555061,98.741417,มึง,98.16,98.94,1,['มึง'],0.23891794871795288,True
C:\Users\muldi\Documents\Playground\University\senior-project-1\dataset\internet\clear\Yo mama & แซนวิชบลูเบอร์รี่.wav,99.453283,99.658163,มึง,99.24,99.66,1,['มึง'],0.4878095238095286,True
C:\Users\muldi\Documents\Playground\University\senior-project-1\dataset\internet\clear\Yo mama & แซนวิชบลูเบอร์รี่.wav,100.578463,100.726862,มึง,100.2,102.06,1,['มึง'],0.07978440860214935,True
C:\Users\muldi\Documents\Playground\University\senior-project-1\dataset\internet\clear\Yo mama & แซนวิชบลูเบอร์รี่.wav,102.836575,103.044777,มึง,102.72,103.14,1,['มึง'],0.4957190476190456,True
C:\Users\muldi\Documents\Playground\University\senior-project-1\dataset\internet\clear\Yo mama & แซนวิชบลูเบอร์รี่.wav,103.905744,103.991368,มึง,103.44,104.22,1,['มึง'],0.10977435897435331,True
C:\Users\muldi\Documents\Playground\University\senior-project-1\dataset\internet\clear\Yo mama & แซนวิชบลูเบอร์รี่.wav,107.484321,107.566634,มึง,,,0,[],0.0,False
C:\Users\muldi\Documents\Playground\University\senior-project-1\dataset\internet\clear\วิ่งหนี or วิ่งใส่.wav,3.531079,3.901909,กู,3.24,4.02,3,"['กู', 'มึง', 'มึง']",0.475423076923077,True
C:\Users\muldi\Documents\Playground\University\senior-project-1\dataset\internet\clear\วิ่งหนี or วิ่งใส่.wav,4.867109,5.149732,กู,4.56,5.34,1,['กู'],0.3623371794871795,True
C:\Users\muldi\Documents\Playground\University\senior-project-1\dataset\internet\clear\วิ่งหนี or วิ่งใส่.wav,6.984537,7.301412,กู,6.36,7.5,1,['กู'],0.27796052631578916,True
C:\Users\muldi\Documents\Playground\University\senior-project-1\dataset\internet\clear\วิ่งหนี or วิ่งใส่.wav,7.96435,8.062951,กู,7.32,8.34,2,"['กู', 'เหี้ย']",0.09666764705882394,True
C:\Users\muldi\Documents\Playground\University\senior-project-1\dataset\internet\clear\วิ่งหนี or วิ่งใส่.wav,9.236856,9.497076,กู,9.0,10.5,1,['กู'],0.17348000000000022,True
C:\Users\muldi\Documents\Playground\University\senior-project-1\dataset\internet\clear\วิ่งหนี or วิ่งใส่.wav,11.844661,11.961329,กู,11.4,12.18,1,['กู'],0.14957435897435767,True
C:\Users\muldi\Documents\Playground\University\senior-project-1\dataset\internet\clear\วิ่งหนี or วิ่งใส่.wav,12.369961,12.811552,มึง,12.0,13.02,2,"['กู', 'มึง']",0.4329323529411774,True
C:\Users\muldi\Documents\Playground\University\senior-project-1\dataset\internet\clear\เพื่อนบ้านหรรษาของจริงๆ.wav,5.244845,5.478995,มึง,5.16,5.46,1,['มึง'],0.6744776563895989,True
C:\Users\muldi\Documents\Playground\University\senior-project-1\dataset\internet\clear\เพื่อนบ้านหรรษาของจริงๆ.wav,19.765428,19.861178,กู,,,0,[],0.0,False
C:\Users\muldi\Documents\Playground\University\senior-project-1\dataset\internet\clear\เพื่อนบ้านหรรษาของจริงๆ.wav,22.193372,22.500443,มึง,20.76,22.62,1,['มึง'],0.1650919354838713,True
C:\Users\muldi\Documents\Playground\University\senior-project-1\dataset\internet\clear\เพื่อนบ้านหรรษาของจริงๆ.wav,30.793568,30.85264,กู,30.72,31.14,2,"['กู', 'มึง']",0.14064761904761958,True
C:\Users\muldi\Documents\Playground\University\senior-project-1\dataset\internet\clear\เพื่อนบ้านหรรษาของจริงๆ.wav,36.211314,36.258571,กู,36.12,36.42,1,['กู'],0.15752333333333737,True
C:\Users\muldi\Documents\Playground\University\senior-project-1\dataset\internet\clear\เพื่อนบ้านหรรษาของจริงๆ.wav,37.924782,38.043642,เหี้ย,37.8,38.34,2,"['กู', 'เหี้ย']",0.2201111111111048,True
C:\Users\muldi\Documents\Playground\University\senior-project-1\dataset\internet\clear\เพื่อนบ้านหรรษาของจริงๆ.wav,39.712069,39.755921,กู,39.6,40.38,1,['กู'],0.056220512820514164,True
C:\Users\muldi\Documents\Playground\University\senior-project-1\dataset\internet\clear\เพื่อนบ้านหรรษาของจริงๆ.wav,41.739548,41.992217,กู,41.88,43.14,1,['มึง'],0.08012912973810878,False
C:\Users\muldi\Documents\Playground\University\senior-project-1\dataset\internet\clear\เพื่อนบ้านหรรษาของจริงๆ.wav,42.846921,43.059568,มึง,41.88,43.14,1,['มึง'],0.16876746031745815,True
C:\Users\muldi\Documents\Playground\University\senior-project-1\dataset\internet\clear\เพื่อนบ้านหรรษาของจริงๆ.wav,55.128349,55.268089,เหี้ย,54.24,55.14,1,['มึง'],0.011332676451163768,False
C:\Users\muldi\Documents\Playground\University\senior-project-1\dataset\internet\clear\ชีวิตมันจะสู้ก็ต้องสู้ #honkaistarrail.wav,3.514832,3.739324,มึง,3.24,4.02,3,"['กู', 'มึง', 'เหี้ย']",0.28781025641025626,True
C:\Users\muldi\Documents\Playground\University\senior-project-1\dataset\internet\clear\ชีวิตมันจะสู้ก็ต้องสู้ #honkaistarrail.wav,6.264837,6.429226,มึง,5.76,6.78,2,"['กู', 'มึง']",0.16116568627450964,True
C:\Users\muldi\Documents\Playground\University\senior-project-1\dataset\internet\clear\ชีวิตมันจะสู้ก็ต้องสู้ #honkaistarrail.wav,11.123742,11.785848,มึง,10.92,12.66,3,"['กู', 'มึง', 'เหี้ย']",0.38052068965517216,True
C:\Users\muldi\Documents\Playground\University\senior-project-1\dataset\internet\clear\ชีวิตมันจะสู้ก็ต้องสู้ #honkaistarrail.wav,17.212415,17.374221,เหี้ย,16.68,17.46,2,"['เย็ด', 'เหี้ย']",0.2074435897435876,True
C:\Users\muldi\Documents\Playground\University\senior-project-1\dataset\internet\clear\ชีวิตมันจะสู้ก็ต้องสู้ #honkaistarrail.wav,24.387903,24.435408,มึง,23.28,24.66,1,['เย็ด'],0.03442391304347645,False
C:\Users\muldi\Documents\Playground\University\senior-project-1\dataset\internet\noise\อะไรคือสิ่งที่ถูก.wav,1.506835,1.590017,มึง,1.44,1.74,1,['กู'],0.2772733333333336,False
C:\Users\muldi\Documents\Playground\University\senior-project-1\dataset\internet\noise\อะไรคือสิ่งที่ถูก.wav,2.227271,2.298155,กู,2.04,2.58,3,"['กู', 'มึง', 'เหี้ย']",0.13126666666666656,True
C:\Users\muldi\Documents\Playground\University\senior-project-1\dataset\internet\noise\อะไรคือสิ่งที่ถูก.wav,9.832852,9.919234,กู,9.72,10.14,1,['กู'],0.20567142857142534,True
C:\Users\muldi\Documents\Playground\University\senior-project-1\dataset\internet\noise\อะไรคือสิ่งที่ถูก.wav,25.36253,25.412865,กู,25.32,25.62,1,['กู'],0.16778333333333448,True
C:\Users\muldi\Documents\Playground\University\senior-project-1\dataset\internet\noise\อะไรคือสิ่งที่ถูก.wav,51.471081,51.543976,กู,51.24,51.66,1,['กู'],0.1735595238095322,True
C:\Users\muldi\Documents\Playground\University\senior-project-1\dataset\internet\clear\ช่วยด้วย!! นวยจะมาอยู่ด้วย!!.wav,12.796937,13.298601,กู,12.6,13.5,2,"['กู', 'มึง']",0.5574044444444441,True
C:\Users\muldi\Documents\Playground\University\senior-project-1\dataset\internet\clear\ช่วยด้วย!! นวยจะมาอยู่ด้วย!!.wav,13.676268,13.763936,มึง,13.44,13.86,2,"['มึง', 'เย็ด']",0.2087333333333309,True
C:\Users\muldi\Documents\Playground\University\senior-project-1\dataset\internet\clear\ช่วยด้วย!! นวยจะมาอยู่ด้วย!!.wav,33.564691,33.945743,กู,33.36,34.02,1,['กู'],0.5773515151515072,True
C:\Users\muldi\Documents\Playground\University\senior-project-1\dataset\internet\clear\ซามามาเท.wav,7.602102,7.667882,กู,7.44,8.1,1,['กู'],0.0996666666666657,True
C:\Users\muldi\Documents\Playground\University\senior-project-1\dataset\internet\clear\ซามามาเท.wav,18.39396,18.465963,กู,17.4,18.66,2,"['กู', 'เย็ด']",0.057145238095237,True
C:\Users\muldi\Documents\Playground\University\senior-project-1\dataset\internet\clear\ซามามาเท.wav,25.718049,25.847625,มึง,25.44,26.22,2,"['มึง', 'เหี้ย']",0.16612307692307762,True
C:\Users\muldi\Documents\Playground\University\senior-project-1\dataset\internet\clear\ซามามาเท.wav,25.847625,26.04843,มึง,25.68,26.22,1,['มึง'],0.37186111111110987,True
C:\Users\muldi\Documents\Playground\University\senior-project-1\dataset\us\clear\ถ้าแกไม่ไป กูก็ไม่ไปเหมือนกัน.wav,1.431357,1.59603,กู,1.08,2.22,2,"['กู', 'มึง']",0.14445000000000005,True
C:\Users\muldi\Documents\Playground\University\senior-project-1\dataset\single\กู\กู (เบลล์).wav,0.0,1.59,กู,0.0,1.86,5,"['กู', 'กู', 'มึง', 'เหี้ย', 'เหี้ย']",0.8548387096774194,True
C:\Users\muldi\Documents\Playground\University\senior-project-1\dataset\internet\music\คนหายไปไหนหมดเนี่ยช่วงนี้.wav,68.000021,70.524082,none,,,9,"['กู', 'กู', 'กู', 'มึง', 'มึง', 'เย็ด', 'เหี้ย', 'เหี้ย', 'เหี้ย']",0.0,False
C:\Users\muldi\Documents\Playground\University\senior-project-1\dataset\internet\music\คนหายไปไหนหมดเนี่ยช่วงนี้.wav,70.84226,74.496,none,,,7,"['กู', 'กู', 'มึง', 'มึง', 'เย็ด', 'เหี้ย', 'เหี้ย']",0.0,False
C:\Users\muldi\Documents\Playground\University\senior-project-1\dataset\internet\clear\อะชิมะหม๋า.wav,0.0,10.18111,none,,,16,"['กู', 'กู', 'กู', 'กู', 'กู', 'มึง', 'มึง', 'มึง', 'มึง', 'มึง', 'มึง', 'เย็ด', 'เย็ด', 'เหี้ย', 'เหี้ย', 'เหี้ย']",0.0,False
C:\Users\muldi\Documents\Playground\University\senior-project-1\dataset\internet\clear\อะชิมะหม๋า.wav,10.256798,12.014889,none,,,5,"['กู', 'กู', 'กู', 'มึง', 'เย็ด']",0.0,False
C:\Users\muldi\Documents\Playground\University\senior-project-1\dataset\internet\clear\อะชิมะหม๋า.wav,18.765268,19.118072,none,,,2,"['กู', 'มึง']",0.0,False
C:\Users\muldi\Documents\Playground\University\senior-project-1\dataset\internet\clear\อะชิมะหม๋า.wav,19.305991,21.482667,none,,,4,"['กู', 'กู', 'มึง', 'เหี้ย']",0.0,False
C:\Users\muldi\Documents\Playground\University\senior-project-1\dataset\internet\clear\คนน่ากลัวกว่าผีบอกเลย!.wav,43.185581,45.158615,none,,,5,"['กู', 'กู', 'มึง', 'เหี้ย', 'เหี้ย']",0.0,False
C:\Users\muldi\Documents\Playground\University\senior-project-1\dataset\internet\clear\คนน่ากลัวกว่าผีบอกเลย!.wav,45.194149,46.307452,none,,,4,"['กู', 'กู', 'มึง', 'มึง']",0.0,False
C:\Users\muldi\Documents\Playground\University\senior-project-1\dataset\internet\clear\คนน่ากลัวกว่าผีบอกเลย!.wav,46.360844,46.662161,none,,,3,"['กู', 'กู', 'มึง']",0.0,False
C:\Users\muldi\Documents\Playground\University\senior-project-1\dataset\internet\clear\คนน่ากลัวกว่าผีบอกเลย!.wav,46.713473,47.971366,none,,,2,"['กู', 'มึง']",0.0,False
C:\Users\muldi\Documents\Playground\University\senior-project-1\dataset\internet\clear\คนน่ากลัวกว่าผีบอกเลย!.wav,48.012586,53.478635,none,,,10,"['กู', 'กู', 'กู', 'มึง', 'มึง', 'เย็ด', 'เย็ด', 'เหี้ย', 'เหี้ย', 'เหี้ย']",0.0,False
C:\Users\muldi\Documents\Playground\University\senior-project-1\dataset\internet\noise\หาสัญลักษณ์ตามฉบับ New World Order ในเพลง จี่หอย.wav,0.0,101.013916,none,,,138,"['กู', 'กู', 'กู', 'กู', 'กู', 'กู', 'กู', 'กู', 'กู', 'กู', 'กู', 'กู', 'กู', 'กู', 'กู', 'กู', 'กู', 'กู', 'กู', 'กู', 'กู', 'กู', 'กู', 'กู', 'กู', 'กู', 'กู', 'กู', 'กู', 'กู', 'กู', 'กู', 'กู', 'กู', 'กู', 'กู', 'กู', 'กู', 'กู', 'กู', 'มึง', 'มึง', 'มึง', 'มึง', 'มึง', 'มึง', 'มึง', 'มึง', 'มึง', 'มึง', 'มึง', 'มึง', 'มึง', 'มึง', 'มึง', 'มึง', 'มึง', 'มึง', 'มึง', 'มึง', 'มึง', 'มึง', 'มึง', 'มึง', 'มึง', 'มึง', 'มึง', 'มึง', 'มึง', 'มึง', 'มึง', 'มึง', 'มึง', 'มึง', 'มึง', 'มึง', 'มึง', 'มึง', 'มึง', 'มึง', 'มึง', 'มึง', 'มึง', 'มึง', 'มึง', 'มึง', 'มึง', 'มึง', 'มึง', 'มึง', 'มึง', 'มึง', 'มึง', 'มึง', 'มึง', 'มึง', 'มึง', 'มึง', 'เย็ด', 'เย็ด', 'เย็ด', 'เย็ด', 'เย็ด', 'เย็ด', 'เย็ด', 'เย็ด', 'เย็ด', 'เย็ด', 'เย็ด', 'เหี้ย', 'เหี้ย', 'เหี้ย', 'เหี้ย', 'เหี้ย', 'เหี้ย', 'เหี้ย', 'เหี้ย', 'เหี้ย', 'เหี้ย', 'เหี้ย', 'เหี้ย', 'เหี้ย', 'เหี้ย', 'เหี้ย', 'เหี้ย', 'เหี้ย', 'เหี้ย', 'เหี้ย', 'เหี้ย', 'เหี้ย', 'เหี้ย', 'เหี้ย', 'เหี้ย', 'เหี้ย', 'เหี้ย', 'เหี้ย', 'เหี้ย', 'เหี้ย']",0.0,False
C:\Users\muldi\Documents\Playground\University\senior-project-1\dataset\internet\noise\หาสัญลักษณ์ตามฉบับ New World Order ในเพลง จี่หอย.wav,101.158069,105.984,none,,,8,"['กู', 'กู', 'กู', 'มึง', 'มึง', 'มึง', 'เหี้ย', 'เหี้ย']",0.0,False
C:\Users\muldi\Documents\Playground\University\senior-project-1\dataset\internet\clear\รายการเย็ดแม่.wav,0.0,2.917098,none,,,5,"['กู', 'มึง', 'มึง', 'เหี้ย', 'เหี้ย']",0.0,False
C:\Users\muldi\Documents\Playground\University\senior-project-1\dataset\internet\clear\รายการเย็ดแม่.wav,2.971922,27.863231,none,,,46,"['กู', 'กู', 'กู', 'กู', 'กู', 'กู', 'กู', 'กู', 'กู', 'กู', 'กู', 'กู', 'กู', 'กู', 'มึง', 'มึง', 'มึง', 'มึง', 'มึง', 'มึง', 'มึง', 'มึง', 'มึง', 'มึง', 'มึง', 'มึง', 'เย็ด', 'เย็ด', 'เย็ด', 'เย็ด', 'เย็ด', 'เย็ด', 'เย็ด', 'เย็ด', 'เหี้ย', 'เหี้ย', 'เหี้ย', 'เหี้ย', 'เหี้ย', 'เหี้ย', 'เหี้ย', 'เหี้ย', 'เหี้ย', 'เหี้ย', 'เหี้ย', 'เหี้ย']",0.0,False
C:\Users\muldi\Documents\Playground\University\senior-project-1\dataset\internet\clear\รายการเย็ดแม่.wav,28.134757,32.602139,none,,,13,"['กู', 'กู', 'มึง', 'มึง', 'เย็ด', 'เย็ด', 'เย็ด', 'เย็ด', 'เหี้ย', 'เหี้ย', 'เหี้ย', 'เหี้ย', 'เหี้ย']",0.0,False
C:\Users\muldi\Documents\Playground\University\senior-project-1\dataset\internet\clear\รายการเย็ดแม่.wav,32.76513,33.968825,none,,,4,"['กู', 'มึง', 'เย็ด', 'เหี้ย']",0.0,False
C:\Users\muldi\Documents\Playground\University\senior-project-1\dataset\internet\clear\รายการเย็ดแม่.wav,34.028098,34.950411,none,,,0,[],0.0,True
C:\Users\muldi\Documents\Playground\University\senior-project-1\dataset\internet\clear\รายการเย็ดแม่.wav,35.001791,35.502075,none,,,2,"['กู', 'เย็ด']",0.0,False
C:\Users\muldi\Documents\Playground\University\senior-project-1\dataset\internet\clear\รายการเย็ดแม่.wav,35.572734,36.946539,none,,,6,"['กู', 'กู', 'มึง', 'เย็ด', 'เย็ด', 'เหี้ย']",0.0,False
C:\Users\muldi\Documents\Playground\University\senior-project-1\dataset\internet\clear\รายการเย็ดแม่.wav,37.039431,37.695835,none,,,2,"['เย็ด', 'เย็ด']",0.0,False
C:\Users\muldi\Documents\Playground\University\senior-project-1\dataset\internet\clear\รายการเย็ดแม่.wav,37.761213,92.642736,none,,,99,"['กู', 'กู', 'กู', 'กู', 'กู', 'กู', 'กู', 'กู', 'กู', 'กู', 'กู', 'กู', 'กู', 'กู', 'กู', 'กู', 'กู', 'กู', 'กู', 'กู', 'กู', 'กู', 'มึง', 'มึง', 'มึง', 'มึง', 'มึง', 'มึง', 'มึง', 'มึง', 'มึง', 'มึง', 'มึง', 'มึง', 'มึง', 'มึง', 'มึง', 'มึง', 'มึง', 'มึง', 'มึง', 'มึง', 'มึง', 'มึง', 'มึง', 'มึง', 'มึง', 'มึง', 'มึง', 'มึง', 'มึง', 'มึง', 'มึง', 'มึง', 'มึง', 'มึง', 'เย็ด', 'เย็ด', 'เย็ด', 'เย็ด', 'เย็ด', 'เย็ด', 'เย็ด', 'เย็ด', 'เย็ด', 'เย็ด', 'เย็ด', 'เย็ด', 'เย็ด', 'เย็ด', 'เย็ด', 'เหี้ย', 'เหี้ย', 'เหี้ย', 'เหี้ย', 'เหี้ย', 'เหี้ย', 'เหี้ย', 'เหี้ย', 'เหี้ย', 'เหี้ย', 'เหี้ย', 'เหี้ย', 'เหี้ย', 'เหี้ย', 'เหี้ย', 'เหี้ย', 'เหี้ย', 'เหี้ย', 'เหี้ย', 'เหี้ย', 'เหี้ย', 'เหี้ย', 'เหี้ย', 'เหี้ย', 'เหี้ย', 'เหี้ย', 'เหี้ย', 'เหี้ย']",0.0,False
C:\Users\muldi\Documents\Playground\University\senior-project-1\dataset\internet\clear\รายการเย็ดแม่.wav,92.708451,93.802158,none,,,5,"['กู', 'มึง', 'มึง', 'เย็ด', 'เย็ด']",0.0,False
C:\Users\muldi\Documents\Playground\University\senior-project-1\dataset\internet\clear\รายการเย็ดแม่.wav,93.903215,102.430887,none,,,17,"['กู', 'กู', 'มึง', 'มึง', 'มึง', 'มึง', 'มึง', 'มึง', 'มึง', 'เย็ด', 'เย็ด', 'เย็ด', 'เหี้ย', 'เหี้ย', 'เหี้ย', 'เหี้ย', 'เหี้ย']",0.0,False
C:\Users\muldi\Documents\Playground\University\senior-project-1\dataset\internet\clear\รายการเย็ดแม่.wav,102.59951,106.407147,none,,,8,"['กู', 'กู', 'มึง', 'มึง', 'มึง', 'เย็ด', 'เย็ด', 'เหี้ย']",0.0,False
C:\Users\muldi\Documents\Playground\University\senior-project-1\dataset\internet\clear\รายการเย็ดแม่.wav,106.477792,106.825602,none,,,2,"['มึง', 'เย็ด']",0.0,False
C:\Users\muldi\Documents\Playground\University\senior-project-1\dataset\internet\clear\รายการเย็ดแม่.wav,106.866893,107.189344,none,,,2,"['มึง', 'เย็ด']",0.0,False
C:\Users\muldi\Documents\Playground\University\senior-project-1\dataset\internet\clear\รายการเย็ดแม่.wav,107.248474,107.609723,none,,,1,['เย็ด'],0.0,False
C:\Users\muldi\Documents\Playground\University\senior-project-1\dataset\internet\clear\รายการเย็ดแม่.wav,107.672679,107.993488,none,,,1,['เย็ด'],0.0,False
C:\Users\muldi\Documents\Playground\University\senior-project-1\dataset\internet\clear\รายการเย็ดแม่.wav,108.041082,108.605772,none,,,4,"['กู', 'มึง', 'เย็ด', 'เหี้ย']",0.0,False
C:\Users\muldi\Documents\Playground\University\senior-project-1\dataset\internet\clear\รายการเย็ดแม่.wav,108.675626,108.89964,none,,,2,"['กู', 'เย็ด']",0.0,False
C:\Users\muldi\Documents\Playground\University\senior-project-1\dataset\internet\clear\รายการเย็ดแม่.wav,108.958406,114.864021,none,,,12,"['กู', 'กู', 'กู', 'กู', 'กู', 'มึง', 'มึง', 'มึง', 'มึง', 'เย็ด', 'เหี้ย', 'เหี้ย']",0.0,False
C:\Users\muldi\Documents\Playground\University\senior-project-1\dataset\internet\clear\รายการเย็ดแม่.wav,114.937478,151.008217,none,,,61,"['กู', 'กู', 'กู', 'กู', 'กู', 'กู', 'กู', 'กู', 'กู', 'กู', 'กู', 'กู', 'กู', 'กู', 'กู', 'กู', 'กู', 'กู', 'กู', 'กู', 'กู', 'กู', 'กู', 'กู', 'มึง', 'มึง', 'มึง', 'มึง', 'มึง', 'มึง', 'มึง', 'มึง', 'มึง', 'มึง', 'มึง', 'มึง', 'มึง', 'มึง', 'มึง', 'มึง', 'มึง', 'เย็ด', 'เย็ด', 'เย็ด', 'เย็ด', 'เย็ด', 'เย็ด', 'เย็ด', 'เย็ด', 'เหี้ย', 'เหี้ย', 'เหี้ย', 'เหี้ย', 'เหี้ย', 'เหี้ย', 'เหี้ย', 'เหี้ย', 'เหี้ย', 'เหี้ย', 'เหี้ย', 'เหี้ย']",0.0,False
C:\Users\muldi\Documents\Playground\University\senior-project-1\dataset\internet\clear\รายการเย็ดแม่.wav,151.136017,152.006016,none,,,4,"['กู', 'กู', 'มึง', 'เหี้ย']",0.0,False
C:\Users\muldi\Documents\Playground\University\senior-project-1\dataset\internet\clear\รายการเย็ดแม่.wav,152.092069,170.145049,none,,,31,"['กู', 'กู', 'กู', 'กู', 'กู', 'กู', 'กู', 'กู', 'กู', 'กู', 'กู', 'กู', 'มึง', 'มึง', 'มึง', 'มึง', 'มึง', 'มึง', 'มึง', 'มึง', 'มึง', 'มึง', 'มึง', 'มึง', 'มึง', 'เย็ด', 'เย็ด', 'เย็ด', 'เหี้ย', 'เหี้ย', 'เหี้ย']",0.0,False
C:\Users\muldi\Documents\Playground\University\senior-project-1\dataset\internet\clear\รายการเย็ดแม่.wav,170.364915,177.97553,none,,,14,"['กู', 'กู', 'กู', 'กู', 'มึง', 'มึง', 'เย็ด', 'เย็ด', 'เย็ด', 'เย็ด', 'เหี้ย', 'เหี้ย', 'เหี้ย', 'เหี้ย']",0.0,False
C:\Users\muldi\Documents\Playground\University\senior-project-1\dataset\internet\clear\รายการเย็ดแม่.wav,178.04001,182.152395,none,,,7,"['กู', 'มึง', 'เย็ด', 'เย็ด', 'เหี้ย', 'เหี้ย', 'เหี้ย']",0.0,False
C:\Users\muldi\Documents\Playground\University\senior-project-1\dataset\internet\clear\รายการเย็ดแม่.wav,182.263848,204.198727,none,,,45,"['กู', 'กู', 'กู', 'กู', 'กู', 'กู', 'กู', 'กู', 'กู', 'กู', 'กู', 'กู', 'กู', 'มึง', 'มึง', 'มึง', 'มึง', 'มึง', 'มึง', 'มึง', 'มึง', 'มึง', 'มึง', 'มึง', 'มึง', 'มึง', 'มึง', 'มึง', 'เย็ด', 'เย็ด', 'เย็ด', 'เย็ด', 'เย็ด', 'เย็ด', 'เหี้ย', 'เหี้ย', 'เหี้ย', 'เหี้ย', 'เหี้ย', 'เหี้ย', 'เหี้ย', 'เหี้ย', 'เหี้ย', 'เหี้ย', 'เหี้ย']",0.0,False
C:\Users\muldi\Documents\Playground\University\senior-project-1\dataset\internet\clear\รายการเย็ดแม่.wav,204.293331,204.34993,none,,,1,['กู'],0.0,False
C:\Users\muldi\Documents\Playground\University\senior-project-1\dataset\internet\clear\รายการเย็ดแม่.wav,204.474592,205.228977,none,,,3,"['กู', 'กู', 'มึง']",0.0,False
C:\Users\muldi\Documents\Playground\University\senior-project-1\dataset\internet\clear\รายการเย็ดแม่.wav,205.311368,206.395352,none,,,6,"['กู', 'กู', 'มึง', 'มึง', 'เย็ด', 'เหี้ย']",0.0,False
C:\Users\muldi\Documents\Playground\University\senior-project-1\dataset\internet\clear\รายการเย็ดแม่.wav,206.434756,207.317418,none,,,3,"['กู', 'มึง', 'เย็ด']",0.0,False
C:\Users\muldi\Documents\Playground\University\senior-project-1\dataset\internet\clear\รายการเย็ดแม่.wav,207.401243,208.711623,none,,,3,"['กู', 'กู', 'มึง']",0.0,False
C:\Users\muldi\Documents\Playground\University\senior-project-1\dataset\internet\clear\รายการเย็ดแม่.wav,208.83127,208.892168,none,,,1,['เย็ด'],0.0,False
C:\Users\muldi\Documents\Playground\University\senior-project-1\dataset\internet\clear\รายการเย็ดแม่.wav,208.996769,243.468469,none,,,54,"['กู', 'กู', 'กู', 'กู', 'กู', 'กู', 'กู', 'กู', 'กู', 'กู', 'กู', 'กู', 'กู', 'กู', 'กู', 'มึง', 'มึง', 'มึง', 'มึง', 'มึง', 'มึง', 'มึง', 'มึง', 'มึง', 'มึง', 'มึง', 'มึง', 'มึง', 'มึง', 'มึง', 'มึง', 'มึง', 'มึง', 'มึง', 'มึง', 'เย็ด', 'เย็ด', 'เย็ด', 'เย็ด', 'เย็ด', 'เย็ด', 'เหี้ย', 'เหี้ย', 'เหี้ย', 'เหี้ย', 'เหี้ย', 'เหี้ย', 'เหี้ย', 'เหี้ย', 'เหี้ย', 'เหี้ย', 'เหี้ย', 'เหี้ย', 'เหี้ย']",0.0,False
C:\Users\muldi\Documents\Playground\University\senior-project-1\dataset\internet\clear\รายการเย็ดแม่.wav,243.609901,246.360368,none,,,5,"['กู', 'มึง', 'มึง', 'มึง', 'เย็ด']",0.0,False
C:\Users\muldi\Documents\Playground\University\senior-project-1\dataset\internet\clear\รายการเย็ดแม่.wav,246.591064,255.14347,none,,,16,"['กู', 'กู', 'กู', 'กู', 'กู', 'มึง', 'มึง', 'มึง', 'มึง', 'มึง', 'เย็ด', 'เหี้ย', 'เหี้ย', 'เหี้ย', 'เหี้ย', 'เหี้ย']",0.0,False
C:\Users\muldi\Documents\Playground\University\senior-project-1\dataset\internet\clear\รายการเย็ดแม่.wav,255.208223,260.968038,none,,,12,"['กู', 'กู', 'กู', 'กู', 'มึง', 'มึง', 'มึง', 'เย็ด', 'เย็ด', 'เหี้ย', 'เหี้ย', 'เหี้ย']",0.0,False
C:\Users\muldi\Documents\Playground\University\senior-project-1\dataset\internet\clear\รายการเย็ดแม่.wav,261.259842,295.869852,none,,,63,"['กู', 'กู', 'กู', 'กู', 'กู', 'กู', 'กู', 'กู', 'กู', 'กู', 'กู', 'กู', 'กู', 'กู', 'กู', 'กู', 'กู', 'กู', 'กู', 'กู', 'กู', 'กู', 'กู', 'กู', 'กู', 'กู', 'กู', 'มึง', 'มึง', 'มึง', 'มึง', 'มึง', 'มึง', 'มึง', 'มึง', 'มึง', 'มึง', 'มึง', 'มึง', 'มึง', 'มึง', 'มึง', 'มึง', 'มึง', 'มึง', 'มึง', 'มึง', 'มึง', 'มึง', 'มึง', 'มึง', 'เย็ด', 'เย็ด', 'เย็ด', 'เหี้ย', 'เหี้ย', 'เหี้ย', 'เหี้ย', 'เหี้ย', 'เหี้ย', 'เหี้ย', 'เหี้ย', 'เหี้ย']",0.0,False
C:\Users\muldi\Documents\Playground\University\senior-project-1\dataset\internet\clear\รายการเย็ดแม่.wav,295.965856,297.626608,none,,,5,"['กู', 'มึง', 'มึง', 'เหี้ย', 'เหี้ย']",0.0,False
C:\Users\muldi\Documents\Playground\University\senior-project-1\dataset\internet\clear\รายการเย็ดแม่.wav,297.919748,300.009289,none,,,7,"['กู', 'กู', 'กู', 'มึง', 'เย็ด', 'เหี้ย', 'เหี้ย']",0.0,False
C:\Users\muldi\Documents\Playground\University\senior-project-1\dataset\internet\clear\รายการเย็ดแม่.wav,300.090018,405.083256,none,,,181,"['กู', 'กู', 'กู', 'กู', 'กู', 'กู', 'กู', 'กู', 'กู', 'กู', 'กู', 'กู', 'กู', 'กู', 'กู', 'กู', 'กู', 'กู', 'กู', 'กู', 'กู', 'กู', 'กู', 'กู', 'กู', 'กู', 'กู', 'กู', 'กู', 'กู', 'กู', 'กู', 'กู', 'กู', 'กู', 'กู', 'กู', 'กู', 'กู', 'กู', 'กู', 'กู', 'กู', 'กู', 'กู', 'กู', 'กู', 'กู', 'กู', 'กู', 'กู', 'กู', 'กู', 'กู', 'กู', 'กู', 'กู', 'กู', 'กู', 'กู', 'กู', 'กู', 'กู', 'มึง', 'มึง', 'มึง', 'มึง', 'มึง', 'มึง', 'มึง', 'มึง', 'มึง', 'มึง', 'มึง', 'มึง', 'มึง', 'มึง', 'มึง', 'มึง', 'มึง', 'มึง', 'มึง', 'มึง', 'มึง', 'มึง', 'มึง', 'มึง', 'มึง', 'มึง', 'มึง', 'มึง', 'มึง', 'มึง', 'มึง', 'มึง', 'มึง', 'มึง', 'มึง', 'มึง', 'มึง', 'มึง', 'มึง', 'มึง', 'มึง', 'มึง', 'มึง', 'มึง', 'มึง', 'มึง', 'มึง', 'มึง', 'มึง', 'มึง', 'มึง', 'มึง', 'มึง', 'มึง', 'มึง', 'มึง', 'มึง', 'มึง', 'มึง', 'มึง', 'มึง', 'มึง', 'มึง', 'มึง', 'มึง', 'มึง', 'มึง', 'มึง', 'มึง', 'มึง', 'มึง', 'มึง', 'มึง', 'มึง', 'มึง', 'เย็ด', 'เย็ด', 'เย็ด', 'เย็ด', 'เย็ด', 'เย็ด', 'เย็ด', 'เย็ด', 'เย็ด', 'เย็ด', 'เย็ด', 'เย็ด', 'เย็ด', 'เย็ด', 'เย็ด', 'เหี้ย', 'เหี้ย', 'เหี้ย', 'เหี้ย', 'เหี้ย', 'เหี้ย', 'เหี้ย', 'เหี้ย', 'เหี้ย', 'เหี้ย', 'เหี้ย', 'เหี้ย', 'เหี้ย', 'เหี้ย', 'เหี้ย', 'เหี้ย', 'เหี้ย', 'เหี้ย', 'เหี้ย', 'เหี้ย', 'เหี้ย', 'เหี้ย', 'เหี้ย', 'เหี้ย', 'เหี้ย', 'เหี้ย', 'เหี้ย', 'เหี้ย']",0.0,False
C:\Users\muldi\Documents\Playground\University\senior-project-1\dataset\internet\clear\รายการเย็ดแม่.wav,405.144555,420.596908,none,,,30,"['กู', 'กู', 'กู', 'กู', 'กู', 'กู', 'กู', 'กู', 'มึง', 'มึง', 'มึง', 'มึง', 'มึง', 'มึง', 'มึง', 'มึง', 'มึง', 'เย็ด', 'เย็ด', 'เย็ด', 'เหี้ย', 'เหี้ย', 'เหี้ย', 'เหี้ย', 'เหี้ย', 'เหี้ย', 'เหี้ย', 'เหี้ย', 'เหี้ย', 'เหี้ย']",0.0,False
C:\Users\muldi\Documents\Playground\University\senior-project-1\dataset\internet\clear\รายการเย็ดแม่.wav,421.001253,432.51693,none,,,22,"['กู', 'กู', 'กู', 'กู', 'กู', 'กู', 'กู', 'กู', 'กู', 'มึง', 'มึง', 'มึง', 'มึง', 'เย็ด', 'เย็ด', 'เย็ด', 'เย็ด', 'เหี้ย', 'เหี้ย', 'เหี้ย', 'เหี้ย', 'เหี้ย']",0.0,False
C:\Users\muldi\Documents\Playground\University\senior-project-1\dataset\internet\clear\รายการเย็ดแม่.wav,432.769975,435.798669,none,,,7,"['กู', 'มึง', 'มึง', 'มึง', 'เย็ด', 'เหี้ย', 'เหี้ย']",0.0,False
C:\Users\muldi\Documents\Playground\University\senior-project-1\dataset\internet\clear\รายการเย็ดแม่.wav,435.957742,444.431797,none,,,18,"['กู', 'กู', 'กู', 'กู', 'กู', 'กู', 'มึง', 'มึง', 'มึง', 'มึง', 'มึง', 'มึง', 'เย็ด', 'เย็ด', 'เหี้ย', 'เหี้ย', 'เหี้ย', 'เหี้ย']",0.0,False
C:\Users\muldi\Documents\Playground\University\senior-project-1\dataset\internet\clear\รายการเย็ดแม่.wav,444.659627,482.96594,none,,,68,"['กู', 'กู', 'กู', 'กู', 'กู', 'กู', 'กู', 'กู', 'กู', 'กู', 'กู', 'กู', 'กู', 'กู', 'กู', 'กู', 'กู', 'กู', 'กู', 'กู', 'กู', 'กู', 'กู', 'กู', 'กู', 'กู', 'กู', 'มึง', 'มึง', 'มึง', 'มึง', 'มึง', 'มึง', 'มึง', 'มึง', 'มึง', 'มึง', 'มึง', 'มึง', 'มึง', 'มึง', 'มึง', 'มึง', 'มึง', 'มึง', 'มึง', 'มึง', 'เย็ด', 'เย็ด', 'เย็ด', 'เย็ด', 'เย็ด', 'เย็ด', 'เย็ด', 'เย็ด', 'เย็ด', 'เหี้ย', 'เหี้ย', 'เหี้ย', 'เหี้ย', 'เหี้ย', 'เหี้ย', 'เหี้ย', 'เหี้ย', 'เหี้ย', 'เหี้ย', 'เหี้ย', 'เหี้ย']",0.0,False
C:\Users\muldi\Documents\Playground\University\senior-project-1\dataset\internet\clear\รายการเย็ดแม่.wav,483.06655,492.436153,none,,,20,"['กู', 'กู', 'กู', 'กู', 'กู', 'กู', 'กู', 'มึง', 'มึง', 'มึง', 'มึง', 'มึง', 'เย็ด', 'เย็ด', 'เย็ด', 'เหี้ย', 'เหี้ย', 'เหี้ย', 'เหี้ย', 'เหี้ย']",0.0,False
C:\Users\muldi\Documents\Playground\University\senior-project-1\dataset\internet\clear\รายการเย็ดแม่.wav,492.550433,493.803484,none,,,4,"['กู', 'มึง', 'เย็ด', 'เหี้ย']",0.0,False
C:\Users\muldi\Documents\Playground\University\senior-project-1\dataset\internet\clear\รายการเย็ดแม่.wav,493.865429,495.657192,none,,,5,"['กู', 'เย็ด', 'เย็ด', 'เหี้ย', 'เหี้ย']",0.0,False
C:\Users\muldi\Documents\Playground\University\senior-project-1\dataset\internet\clear\รายการเย็ดแม่.wav,496.038037,508.49982,none,,,20,"['กู', 'กู', 'กู', 'กู', 'กู', 'กู', 'มึง', 'มึง', 'มึง', 'มึง', 'มึง', 'มึง', 'มึง', 'เย็ด', 'เย็ด', 'เย็ด', 'เหี้ย', 'เหี้ย', 'เหี้ย', 'เหี้ย']",0.0,False
C:\Users\muldi\Documents\Playground\University\senior-project-1\dataset\internet\clear\รายการเย็ดแม่.wav,508.816179,510.198216,none,,,5,"['กู', 'กู', 'มึง', 'มึง', 'เหี้ย']",0.0,False
C:\Users\muldi\Documents\Playground\University\senior-project-1\dataset\internet\clear\รายการเย็ดแม่.wav,510.283245,517.210471,none,,,15,"['กู', 'กู', 'กู', 'กู', 'กู', 'มึง', 'มึง', 'มึง', 'มึง', 'มึง', 'เย็ด', 'เย็ด', 'เหี้ย', 'เหี้ย', 'เหี้ย']",0.0,False
C:\Users\muldi\Documents\Playground\University\senior-project-1\dataset\internet\clear\รายการเย็ดแม่.wav,517.378302,518.503692,none,,,4,"['กู', 'มึง', 'เย็ด', 'เหี้ย']",0.0,False
C:\Users\muldi\Documents\Playground\University\senior-project-1\dataset\internet\clear\รายการเย็ดแม่.wav,518.633823,520.082131,none,,,4,"['กู', 'กู', 'เย็ด', 'เหี้ย']",0.0,False
C:\Users\muldi\Documents\Playground\University\senior-project-1\dataset\internet\clear\รายการเย็ดแม่.wav,520.161655,560.29935,none,,,68,"['กู', 'กู', 'กู', 'กู', 'กู', 'กู', 'กู', 'กู', 'กู', 'กู', 'กู', 'กู', 'กู', 'กู', 'กู', 'กู', 'กู', 'กู', 'กู', 'กู', 'มึง', 'มึง', 'มึง', 'มึง', 'มึง', 'มึง', 'มึง', 'มึง', 'มึง', 'มึง', 'มึง', 'มึง', 'มึง', 'มึง', 'มึง', 'มึง', 'มึง', 'มึง', 'มึง', 'มึง', 'มึง', 'เย็ด', 'เย็ด', 'เย็ด', 'เย็ด', 'เย็ด', 'เย็ด', 'เย็ด', 'เย็ด', 'เย็ด', 'เย็ด', 'เย็ด', 'เหี้ย', 'เหี้ย', 'เหี้ย', 'เหี้ย', 'เหี้ย', 'เหี้ย', 'เหี้ย', 'เหี้ย', 'เหี้ย', 'เหี้ย', 'เหี้ย', 'เหี้ย', 'เหี้ย', 'เหี้ย', 'เหี้ย', 'เหี้ย']",0.0,False
C:\Users\muldi\Documents\Playground\University\senior-project-1\dataset\internet\clear\รายการเย็ดแม่.wav,560.455384,564.528348,none,,,5,"['กู', 'มึง', 'มึง', 'เย็ด', 'เหี้ย']",0.0,False
C:\Users\muldi\Documents\Playground\University\senior-project-1\dataset\internet\clear\รายการเย็ดแม่.wav,564.680298,572.60076,none,,,15,"['กู', 'กู', 'กู', 'มึง', 'มึง', 'มึง', 'เย็ด', 'เย็ด', 'เย็ด', 'เย็ด', 'เหี้ย', 'เหี้ย', 'เหี้ย', 'เหี้ย', 'เหี้ย']",0.0,False
C:\Users\muldi\Documents\Playground\University\senior-project-1\dataset\internet\clear\รายการเย็ดแม่.wav,572.885329,579.084401,none,,,10,"['กู', 'กู', 'กู', 'มึง', 'มึง', 'มึง', 'เย็ด', 'เหี้ย', 'เหี้ย', 'เหี้ย']",0.0,False
C:\Users\muldi\Documents\Playground\University\senior-project-1\dataset\internet\clear\รายการเย็ดแม่.wav,579.259354,580.978769,none,,,3,"['กู', 'กู', 'มึง']",0.0,False
C:\Users\muldi\Documents\Playground\University\senior-project-1\dataset\internet\clear\รายการเย็ดแม่.wav,581.042601,582.340521,none,,,6,"['กู', 'กู', 'มึง', 'เย็ด', 'เหี้ย', 'เหี้ย']",0.0,False
C:\Users\muldi\Documents\Playground\University\senior-project-1\dataset\internet\clear\รายการเย็ดแม่.wav,582.408406,584.045751,none,,,7,"['กู', 'มึง', 'มึง', 'เย็ด', 'เย็ด', 'เหี้ย', 'เหี้ย']",0.0,False
C:\Users\muldi\Documents\Playground\University\senior-project-1\dataset\internet\clear\รายการเย็ดแม่.wav,584.129847,588.810975,none,,,9,"['กู', 'กู', 'กู', 'มึง', 'มึง', 'มึง', 'เย็ด', 'เหี้ย', 'เหี้ย']",0.0,False
C:\Users\muldi\Documents\Playground\University\senior-project-1\dataset\internet\clear\รายการเย็ดแม่.wav,589.06644,595.955875,none,,,14,"['กู', 'กู', 'กู', 'มึง', 'มึง', 'มึง', 'มึง', 'มึง', 'เย็ด', 'เหี้ย', 'เหี้ย', 'เหี้ย', 'เหี้ย', 'เหี้ย']",0.0,False
C:\Users\muldi\Documents\Playground\University\senior-project-1\dataset\internet\clear\รายการเย็ดแม่.wav,596.081119,600.074459,none,,,7,"['กู', 'กู', 'มึง', 'มึง', 'มึง', 'มึง', 'เย็ด']",0.0,False
C:\Users\muldi\Documents\Playground\University\senior-project-1\dataset\internet\clear\รายการเย็ดแม่.wav,600.257537,609.50113,none,,,20,"['กู', 'กู', 'มึง', 'มึง', 'มึง', 'มึง', 'มึง', 'มึง', 'มึง', 'มึง', 'มึง', 'เย็ด', 'เย็ด', 'เหี้ย', 'เหี้ย', 'เหี้ย', 'เหี้ย', 'เหี้ย', 'เหี้ย', 'เหี้ย']",0.0,False
C:\Users\muldi\Documents\Playground\University\senior-project-1\dataset\internet\clear\รายการเย็ดแม่.wav,609.734472,643.74399,none,,,56,"['กู', 'กู', 'กู', 'กู', 'กู', 'กู', 'กู', 'กู', 'กู', 'กู', 'กู', 'กู', 'กู', 'กู', 'กู', 'มึง', 'มึง', 'มึง', 'มึง', 'มึง', 'มึง', 'มึง', 'มึง', 'มึง', 'มึง', 'มึง', 'มึง', 'มึง', 'มึง', 'มึง', 'มึง', 'มึง', 'มึง', 'เย็ด', 'เย็ด', 'เย็ด', 'เย็ด', 'เย็ด', 'เย็ด', 'เย็ด', 'เย็ด', 'เย็ด', 'เหี้ย', 'เหี้ย', 'เหี้ย', 'เหี้ย', 'เหี้ย', 'เหี้ย', 'เหี้ย', 'เหี้ย', 'เหี้ย', 'เหี้ย', 'เหี้ย', 'เหี้ย', 'เหี้ย', 'เหี้ย']",0.0,False
C:\Users\muldi\Documents\Playground\University\senior-project-1\dataset\internet\clear\รายการเย็ดแม่.wav,643.965478,650.581929,none,,,10,"['กู', 'กู', 'กู', 'มึง', 'มึง', 'มึง', 'มึง', 'มึง', 'เย็ด', 'เหี้ย']",0.0,False
C:\Users\muldi\Documents\Playground\University\senior-project-1\dataset\internet\clear\รายการเย็ดแม่.wav,650.733102,651.987961,none,,,6,"['กู', 'กู', 'กู', 'มึง', 'เหี้ย', 'เหี้ย']",0.0,False
C:\Users\muldi\Documents\Playground\University\senior-project-1\dataset\internet\clear\รายการเย็ดแม่.wav,652.044403,653.351232,none,,,3,"['กู', 'เย็ด', 'เหี้ย']",0.0,False
C:\Users\muldi\Documents\Playground\University\senior-project-1\dataset\internet\clear\รายการเย็ดแม่.wav,653.425921,657.283074,none,,,10,"['กู', 'กู', 'กู', 'กู', 'มึง', 'มึง', 'เย็ด', 'เย็ด', 'เหี้ย', 'เหี้ย']",0.0,False
C:\Users\muldi\Documents\Playground\University\senior-project-1\dataset\internet\clear\รายการเย็ดแม่.wav,657.446621,659.466112,none,,,6,"['มึง', 'มึง', 'เย็ด', 'เหี้ย', 'เหี้ย', 'เหี้ย']",0.0,False
C:\Users\muldi\Documents\Playground\University\senior-project-1\dataset\internet\clear\รายการเย็ดแม่.wav,659.813023,670.012003,none,,,21,"['กู', 'กู', 'กู', 'กู', 'กู', 'มึง', 'มึง', 'มึง', 'มึง', 'มึง', 'มึง', 'มึง', 'เย็ด', 'เย็ด', 'เย็ด', 'เย็ด', 'เย็ด', 'เหี้ย', 'เหี้ย', 'เหี้ย', 'เหี้ย']",0.0,False
C:\Users\muldi\Documents\Playground\University\senior-project-1\dataset\internet\clear\รายการเย็ดแม่.wav,670.131769,670.23739,none,,,3,"['มึง', 'เย็ด', 'เหี้ย']",0.0,False
C:\Users\muldi\Documents\Playground\University\senior-project-1\dataset\internet\clear\รายการเย็ดแม่.wav,670.498497,675.243853,none,,,10,"['กู', 'มึง', 'มึง', 'มึง', 'มึง', 'เย็ด', 'เหี้ย', 'เหี้ย', 'เหี้ย', 'เหี้ย']",0.0,False
C:\Users\muldi\Documents\Playground\University\senior-project-1\dataset\internet\clear\รายการเย็ดแม่.wav,675.501157,702.701286,none,,,45,"['กู', 'กู', 'กู', 'กู', 'กู', 'กู', 'กู', 'กู', 'กู', 'กู', 'กู', 'มึง', 'มึง', 'มึง', 'มึง', 'มึง', 'มึง', 'มึง', 'มึง', 'มึง', 'มึง', 'มึง', 'มึง', 'เย็ด', 'เย็ด', 'เย็ด', 'เย็ด', 'เย็ด', 'เย็ด', 'เย็ด', 'เย็ด', 'เย็ด', 'เหี้ย', 'เหี้ย', 'เหี้ย', 'เหี้ย', 'เหี้ย', 'เหี้ย', 'เหี้ย', 'เหี้ย', 'เหี้ย', 'เหี้ย', 'เหี้ย', 'เหี้ย', 'เหี้ย']",0.0,False
C:\Users\muldi\Documents\Playground\University\senior-project-1\dataset\internet\clear\รายการเย็ดแม่.wav,702.98938,713.708057,none,,,23,"['กู', 'กู', 'กู', 'กู', 'กู', 'กู', 'กู', 'มึง', 'มึง', 'มึง', 'มึง', 'มึง', 'มึง', 'มึง', 'เย็ด', 'เย็ด', 'เย็ด', 'เย็ด', 'เหี้ย', 'เหี้ย', 'เหี้ย', 'เหี้ย', 'เหี้ย']",0.0,False
C:\Users\muldi\Documents\Playground\University\senior-project-1\dataset\internet\clear\รายการเย็ดแม่.wav,713.789551,745.701126,none,,,52,"['กู', 'กู', 'กู', 'กู', 'กู', 'กู', 'กู', 'กู', 'กู', 'กู', 'กู', 'กู', 'กู', 'กู', 'กู', 'กู', 'กู', 'กู', 'กู', 'กู', 'มึง', 'มึง', 'มึง', 'มึง', 'มึง', 'มึง', 'มึง', 'มึง', 'มึง', 'มึง', 'มึง', 'มึง', 'มึง', 'มึง', 'มึง', 'มึง', 'มึง', 'มึง', 'มึง', 'เย็ด', 'เย็ด', 'เย็ด', 'เย็ด', 'เหี้ย', 'เหี้ย', 'เหี้ย', 'เหี้ย', 'เหี้ย', 'เหี้ย', 'เหี้ย', 'เหี้ย', 'เหี้ย']",0.0,False
C:\Users\muldi\Documents\Playground\University\senior-project-1\dataset\internet\clear\รายการเย็ดแม่.wav,745.750773,746.998684,none,,,2,"['กู', 'กู']",0.0,False
C:\Users\muldi\Documents\Playground\University\senior-project-1\dataset\internet\clear\รายการเย็ดแม่.wav,747.131777,748.311214,none,,,3,"['กู', 'กู', 'เย็ด']",0.0,False
C:\Users\muldi\Documents\Playground\University\senior-project-1\dataset\internet\clear\รายการเย็ดแม่.wav,748.428712,749.630862,none,,,3,"['กู', 'กู', 'มึง']",0.0,False
C:\Users\muldi\Documents\Playground\University\senior-project-1\dataset\internet\clear\รายการเย็ดแม่.wav,749.695814,752.346298,none,,,7,"['กู', 'กู', 'มึง', 'มึง', 'มึง', 'เย็ด', 'เย็ด']",0.0,False
C:\Users\muldi\Documents\Playground\University\senior-project-1\dataset\internet\clear\รายการเย็ดแม่.wav,752.899998,774.227346,none,,,41,"['กู', 'กู', 'กู', 'กู', 'กู', 'กู', 'กู', 'กู', 'กู', 'กู', 'กู', 'กู', 'กู', 'กู', 'มึง', 'มึง', 'มึง', 'มึง', 'มึง', 'มึง', 'มึง', 'มึง', 'มึง', 'มึง', 'มึง', 'เย็ด', 'เย็ด', 'เย็ด', 'เย็ด', 'เย็ด', 'เย็ด', 'เหี้ย', 'เหี้ย', 'เหี้ย', 'เหี้ย', 'เหี้ย', 'เหี้ย', 'เหี้ย', 'เหี้ย', 'เหี้ย', 'เหี้ย']",0.0,False
C:\Users\muldi\Documents\Playground\University\senior-project-1\dataset\internet\clear\รายการเย็ดแม่.wav,774.537475,783.76564,none,,,18,"['กู', 'กู', 'กู', 'กู', 'กู', 'กู', 'กู', 'มึง', 'มึง', 'มึง', 'มึง', 'เย็ด', 'เหี้ย', 'เหี้ย', 'เหี้ย', 'เหี้ย', 'เหี้ย', 'เหี้ย']",0.0,False
C:\Users\muldi\Documents\Playground\University\senior-project-1\dataset\internet\clear\รายการเย็ดแม่.wav,783.952415,784.98557,none,,,4,"['กู', 'มึง', 'เหี้ย', 'เหี้ย']",0.0,False
C:\Users\muldi\Documents\Playground\University\senior-project-1\dataset\internet\clear\รายการเย็ดแม่.wav,785.237397,789.03354,none,,,8,"['กู', 'กู', 'กู', 'เย็ด', 'เย็ด', 'เหี้ย', 'เหี้ย', 'เหี้ย']",0.0,False
C:\Users\muldi\Documents\Playground\University\senior-project-1\dataset\internet\clear\รายการเย็ดแม่.wav,789.221506,791.834966,none,,,5,"['กู', 'กู', 'มึง', 'มึง', 'เหี้ย']",0.0,False
C:\Users\muldi\Documents\Playground\University\senior-project-1\dataset\internet\clear\รายการเย็ดแม่.wav,791.947023,792.925994,none,,,3,"['กู', 'มึง', 'เหี้ย']",0.0,False
C:\Users\muldi\Documents\Playground\University\senior-project-1\dataset\internet\clear\รายการเย็ดแม่.wav,793.001441,797.708925,none,,,13,"['กู', 'กู', 'กู', 'กู', 'กู', 'กู', 'มึง', 'มึง', 'มึง', 'มึง', 'เหี้ย', 'เหี้ย', 'เหี้ย']",0.0,False
C:\Users\muldi\Documents\Playground\University\senior-project-1\dataset\internet\clear\รายการเย็ดแม่.wav,797.767519,798.508325,none,,,2,"['กู', 'เย็ด']",0.0,False
C:\Users\muldi\Documents\Playground\University\senior-project-1\dataset\internet\clear\รายการเย็ดแม่.wav,798.554475,815.71758,none,,,38,"['กู', 'กู', 'กู', 'กู', 'กู', 'กู', 'กู', 'กู', 'กู', 'กู', 'กู', 'กู', 'กู', 'กู', 'กู', 'มึง', 'มึง', 'มึง', 'มึง', 'มึง', 'มึง', 'มึง', 'มึง', 'มึง', 'เย็ด', 'เย็ด', 'เย็ด', 'เย็ด', 'เหี้ย', 'เหี้ย', 'เหี้ย', 'เหี้ย', 'เหี้ย', 'เหี้ย', 'เหี้ย', 'เหี้ย', 'เหี้ย', 'เหี้ย']",0.0,False
C:\Users\muldi\Documents\Playground\University\senior-project-1\dataset\internet\clear\รายการเย็ดแม่.wav,816.118581,816.910081,none,,,2,"['กู', 'กู']",0.0,False
C:\Users\muldi\Documents\Playground\University\senior-project-1\dataset\internet\clear\รายการเย็ดแม่.wav,816.976352,818.8118,none,,,6,"['กู', 'กู', 'กู', 'มึง', 'มึง', 'เหี้ย']",0.0,False
C:\Users\muldi\Documents\Playground\University\senior-project-1\dataset\internet\clear\รายการเย็ดแม่.wav,818.89362,822.855039,none,,,8,"['กู', 'กู', 'มึง', 'มึง', 'เย็ด', 'เหี้ย', 'เหี้ย', 'เหี้ย']",0.0,False
C:\Users\muldi\Documents\Playground\University\senior-project-1\dataset\internet\clear\รายการเย็ดแม่.wav,823.020567,874.026886,none,,,79,"['กู', 'กู', 'กู', 'กู', 'กู', 'กู', 'กู', 'กู', 'กู', 'กู', 'กู', 'กู', 'กู', 'กู', 'กู', 'กู', 'กู', 'กู', 'กู', 'กู', 'กู', 'กู', 'กู', 'กู', 'กู', 'กู', 'กู', 'กู', 'กู', 'กู', 'กู', 'กู', 'กู', 'กู', 'กู', 'กู', 'มึง', 'มึง', 'มึง', 'มึง', 'มึง', 'มึง', 'มึง', 'มึง', 'มึง', 'มึง', 'มึง', 'มึง', 'มึง', 'มึง', 'มึง', 'มึง', 'มึง', 'มึง', 'มึง', 'มึง', 'มึง', 'เย็ด', 'เย็ด', 'เย็ด', 'เย็ด', 'เย็ด', 'เย็ด', 'เย็ด', 'เย็ด', 'เย็ด', 'เหี้ย', 'เหี้ย', 'เหี้ย', 'เหี้ย', 'เหี้ย', 'เหี้ย', 'เหี้ย', 'เหี้ย', 'เหี้ย', 'เหี้ย', 'เหี้ย', 'เหี้ย', 'เหี้ย']",0.0,False
C:\Users\muldi\Documents\Playground\University\senior-project-1\dataset\internet\clear\รายการเย็ดแม่.wav,874.093593,877.118825,none,,,8,"['กู', 'กู', 'กู', 'กู', 'กู', 'มึง', 'มึง', 'เย็ด']",0.0,False
C:\Users\muldi\Documents\Playground\University\senior-project-1\dataset\internet\clear\รายการเย็ดแม่.wav,877.22538,879.257203,none,,,5,"['กู', 'กู', 'มึง', 'เย็ด', 'เหี้ย']",0.0,False
C:\Users\muldi\Documents\Playground\University\senior-project-1\dataset\internet\clear\รายการเย็ดแม่.wav,879.393704,934.816163,none,,,94,"['กู', 'กู', 'กู', 'กู', 'กู', 'กู', 'กู', 'กู', 'กู', 'กู', 'กู', 'กู', 'กู', 'กู', 'กู', 'กู', 'กู', 'กู', 'กู', 'กู', 'กู', 'กู', 'กู', 'กู', 'กู', 'กู', 'กู', 'กู', 'กู', 'กู', 'กู', 'กู', 'กู', 'กู', 'มึง', 'มึง', 'มึง', 'มึง', 'มึง', 'มึง', 'มึง', 'มึง', 'มึง', 'มึง', 'มึง', 'มึง', 'มึง', 'มึง', 'มึง', 'มึง', 'มึง', 'มึง', 'มึง', 'มึง', 'มึง', 'มึง', 'มึง', 'มึง', 'มึง', 'มึง', 'มึง', 'มึง', 'มึง', 'มึง', 'เย็ด', 'เย็ด', 'เย็ด', 'เย็ด', 'เย็ด', 'เย็ด', 'เย็ด', 'เย็ด', 'เย็ด', 'เย็ด', 'เย็ด', 'เย็ด', 'เหี้ย', 'เหี้ย', 'เหี้ย', 'เหี้ย', 'เหี้ย', 'เหี้ย', 'เหี้ย', 'เหี้ย', 'เหี้ย', 'เหี้ย', 'เหี้ย', 'เหี้ย', 'เหี้ย', 'เหี้ย', 'เหี้ย', 'เหี้ย', 'เหี้ย', 'เหี้ย']",0.0,False
C:\Users\muldi\Documents\Playground\University\senior-project-1\dataset\internet\clear\รายการเย็ดแม่.wav,934.910147,943.810256,none,,,15,"['กู', 'กู', 'กู', 'กู', 'กู', 'มึง', 'เย็ด', 'เย็ด', 'เย็ด', 'เย็ด', 'เย็ด', 'เหี้ย', 'เหี้ย', 'เหี้ย', 'เหี้ย']",0.0,False
C:\Users\muldi\Documents\Playground\University\senior-project-1\dataset\internet\clear\รายการเย็ดแม่.wav,943.871048,944.278358,none,,,1,['กู'],0.0,False
C:\Users\muldi\Documents\Playground\University\senior-project-1\dataset\internet\clear\รายการเย็ดแม่.wav,944.338609,951.787717,none,,,19,"['กู', 'กู', 'กู', 'กู', 'กู', 'กู', 'กู', 'กู', 'มึง', 'มึง', 'มึง', 'มึง', 'มึง', 'มึง', 'เย็ด', 'เย็ด', 'เหี้ย', 'เหี้ย', 'เหี้ย']",0.0,False
C:\Users\muldi\Documents\Playground\University\senior-project-1\dataset\internet\clear\รายการเย็ดแม่.wav,951.871307,955.997603,none,,,5,"['กู', 'กู', 'มึง', 'มึง', 'เย็ด']",0.0,False
C:\Users\muldi\Documents\Playground\University\senior-project-1\dataset\internet\clear\รายการเย็ดแม่.wav,956.071863,956.726918,none,,,2,"['กู', 'มึง']",0.0,False
C:\Users\muldi\Documents\Playground\University\senior-project-1\dataset\internet\clear\รายการเย็ดแม่.wav,956.801389,960.300108,none,,,7,"['กู', 'กู', 'กู', 'กู', 'มึง', 'มึง', 'เหี้ย']",0.0,False
C:\Users\muldi\Documents\Playground\University\senior-project-1\dataset\internet\clear\รายการเย็ดแม่.wav,960.340343,966.20446,none,,,14,"['กู', 'กู', 'กู', 'กู', 'มึง', 'มึง', 'มึง', 'เย็ด', 'เย็ด', 'เหี้ย', 'เหี้ย', 'เหี้ย', 'เหี้ย', 'เหี้ย']",0.0,False
C:\Users\muldi\Documents\Playground\University\senior-project-1\dataset\internet\clear\ถ้าจะมาหลอกแค่นี้ อย่ามาดีกว่าไอ้น้อง.wav,13.251428,14.233201,none,,,3,"['กู', 'มึง', 'เหี้ย']",0.0,False
C:\Users\muldi\Documents\Playground\University\senior-project-1\dataset\internet\clear\ถ้าจะมาหลอกแค่นี้ อย่ามาดีกว่าไอ้น้อง.wav,17.752482,18.719152,none,,,1,['เหี้ย'],0.0,False
C:\Users\muldi\Documents\Playground\University\senior-project-1\dataset\internet\noise\จัดอันดับ ทหารสุดฮา.wav,0.0,5.628947,none,,,13,"['กู', 'กู', 'กู', 'กู', 'มึง', 'มึง', 'มึง', 'เย็ด', 'เย็ด', 'เหี้ย', 'เหี้ย', 'เหี้ย', 'เหี้ย']",0.0,False
C:\Users\muldi\Documents\Playground\University\senior-project-1\dataset\internet\noise\จัดอันดับ ทหารสุดฮา.wav,5.738788,32.814451,none,,,67,"['กู', 'กู', 'กู', 'กู', 'กู', 'กู', 'กู', 'กู', 'กู', 'กู', 'กู', 'กู', 'กู', 'กู', 'กู', 'กู', 'กู', 'กู', 'กู', 'กู', 'กู', 'กู', 'มึง', 'มึง', 'มึง', 'มึง', 'มึง', 'มึง', 'มึง', 'มึง', 'มึง', 'มึง', 'มึง', 'มึง', 'มึง', 'มึง', 'เย็ด', 'เย็ด', 'เย็ด', 'เย็ด', 'เย็ด', 'เย็ด', 'เย็ด', 'เย็ด', 'เย็ด', 'เย็ด', 'เย็ด', 'เย็ด', 'เย็ด', 'เย็ด', 'เย็ด', 'เย็ด', 'เหี้ย', 'เหี้ย', 'เหี้ย', 'เหี้ย', 'เหี้ย', 'เหี้ย', 'เหี้ย', 'เหี้ย', 'เหี้ย', 'เหี้ย', 'เหี้ย', 'เหี้ย', 'เหี้ย', 'เหี้ย', 'เหี้ย']",0.0,False
C:\Users\muldi\Documents\Playground\University\senior-project-1\dataset\internet\noise\จัดอันดับ ทหารสุดฮา.wav,32.977913,33.814658,none,,,1,['มึง'],0.0,False
C:\Users\muldi\Documents\Playground\University\senior-project-1\dataset\internet\noise\จัดอันดับ ทหารสุดฮา.wav,33.980661,38.549333,none,,,7,"['กู', 'มึง', 'มึง', 'มึง', 'เย็ด', 'เหี้ย', 'เหี้ย']",0.0,False
C:\Users\muldi\Documents\Playground\University\senior-project-1\dataset\internet\clear\ใต้น้ำยังจะตามมาอีก!!.wav,18.597191,19.314388,none,,,4,"['กู', 'มึง', 'เย็ด', 'เหี้ย']",0.0,False
C:\Users\muldi\Documents\Playground\University\senior-project-1\dataset\internet\clear\ใต้น้ำยังจะตามมาอีก!!.wav,19.363083,20.494472,none,,,3,"['กู', 'เย็ด', 'เหี้ย']",0.0,False
C:\Users\muldi\Documents\Playground\University\senior-project-1\dataset\internet\clear\ใต้น้ำยังจะตามมาอีก!!.wav,21.966044,25.100683,none,,,9,"['กู', 'กู', 'มึง', 'มึง', 'เย็ด', 'เย็ด', 'เย็ด', 'เหี้ย', 'เหี้ย']",0.0,False
C:\Users\muldi\Documents\Playground\University\senior-project-1\dataset\internet\clear\Horror movie for WOKE!!!!!.wav,0.0,20.333381,none,,,34,"['กู', 'กู', 'กู', 'กู', 'กู', 'กู', 'กู', 'กู', 'กู', 'มึง', 'มึง', 'มึง', 'มึง', 'มึง', 'มึง', 'มึง', 'มึง', 'มึง', 'มึง', 'มึง', 'เย็ด', 'เหี้ย', 'เหี้ย', 'เหี้ย', 'เหี้ย', 'เหี้ย', 'เหี้ย', 'เหี้ย', 'เหี้ย', 'เหี้ย', 'เหี้ย', 'เหี้ย', 'เหี้ย', 'เหี้ย']",0.0,False
C:\Users\muldi\Documents\Playground\University\senior-project-1\dataset\internet\clear\Horror movie for WOKE!!!!!.wav,20.429174,22.757007,none,,,6,"['กู', 'กู', 'กู', 'มึง', 'เหี้ย', 'เหี้ย']",0.0,False
C:\Users\muldi\Documents\Playground\University\senior-project-1\dataset\internet\clear\Horror movie for WOKE!!!!!.wav,22.836244,23.588872,none,,,3,"['กู', 'มึง', 'เหี้ย']",0.0,False
C:\Users\muldi\Documents\Playground\University\senior-project-1\dataset\internet\clear\Horror movie for WOKE!!!!!.wav,23.693493,26.331104,none,,,4,"['กู', 'กู', 'มึง', 'เหี้ย']",0.0,False
C:\Users\muldi\Documents\Playground\University\senior-project-1\dataset\internet\clear\Horror movie for WOKE!!!!!.wav,26.430805,33.047886,none,,,15,"['กู', 'กู', 'กู', 'กู', 'มึง', 'มึง', 'มึง', 'มึง', 'เย็ด', 'เย็ด', 'เหี้ย', 'เหี้ย', 'เหี้ย', 'เหี้ย', 'เหี้ย']",0.0,False
C:\Users\muldi\Documents\Playground\University\senior-project-1\dataset\internet\clear\Horror movie for WOKE!!!!!.wav,33.199628,35.707805,none,,,7,"['กู', 'กู', 'กู', 'มึง', 'เหี้ย', 'เหี้ย', 'เหี้ย']",0.0,False
C:\Users\muldi\Documents\Playground\University\senior-project-1\dataset\internet\clear\Horror movie for WOKE!!!!!.wav,35.912658,38.063093,none,,,9,"['กู', 'กู', 'กู', 'มึง', 'เย็ด', 'เย็ด', 'เหี้ย', 'เหี้ย', 'เหี้ย']",0.0,False
C:\Users\muldi\Documents\Playground\University\senior-project-1\dataset\internet\clear\Horror movie for WOKE!!!!!.wav,38.198565,38.310626,none,,,2,"['กู', 'เหี้ย']",0.0,False
C:\Users\muldi\Documents\Playground\University\senior-project-1\dataset\internet\clear\Horror movie for WOKE!!!!!.wav,38.452522,73.734158,none,,,66,"['กู', 'กู', 'กู', 'กู', 'กู', 'กู', 'กู', 'กู', 'กู', 'กู', 'กู', 'กู', 'กู', 'กู', 'กู', 'กู', 'กู', 'กู', 'กู', 'กู', 'มึง', 'มึง', 'มึง', 'มึง', 'มึง', 'มึง', 'มึง', 'มึง', 'มึง', 'มึง', 'มึง', 'มึง', 'มึง', 'มึง', 'มึง', 'มึง', 'มึง', 'มึง', 'มึง', 'มึง', 'มึง', 'มึง', 'เย็ด', 'เย็ด', 'เย็ด', 'เย็ด', 'เย็ด', 'เย็ด', 'เหี้ย', 'เหี้ย', 'เหี้ย', 'เหี้ย', 'เหี้ย', 'เหี้ย', 'เหี้ย', 'เหี้ย', 'เหี้ย', 'เหี้ย', 'เหี้ย', 'เหี้ย', 'เหี้ย', 'เหี้ย', 'เหี้ย', 'เหี้ย', 'เหี้ย', 'เหี้ย']",0.0,False
C:\Users\muldi\Documents\Playground\University\senior-project-1\dataset\internet\clear\Horror movie for WOKE!!!!!.wav,73.795267,74.353244,none,,,1,['กู'],0.0,False
C:\Users\muldi\Documents\Playground\University\senior-project-1\dataset\internet\clear\Horror movie for WOKE!!!!!.wav,74.469129,81.050803,none,,,11,"['กู', 'มึง', 'มึง', 'มึง', 'มึง', 'มึง', 'มึง', 'มึง', 'เหี้ย', 'เหี้ย', 'เหี้ย']",0.0,False
C:\Users\muldi\Documents\Playground\University\senior-project-1\dataset\internet\clear\Horror movie for WOKE!!!!!.wav,81.486834,98.2302,none,,,34,"['กู', 'กู', 'กู', 'กู', 'กู', 'กู', 'กู', 'มึง', 'มึง', 'มึง', 'มึง', 'มึง', 'มึง', 'มึง', 'มึง', 'มึง', 'มึง', 'มึง', 'เย็ด', 'เย็ด', 'เย็ด', 'เย็ด', 'เย็ด', 'เย็ด', 'เหี้ย', 'เหี้ย', 'เหี้ย', 'เหี้ย', 'เหี้ย', 'เหี้ย', 'เหี้ย', 'เหี้ย', 'เหี้ย', 'เหี้ย']",0.0,False
C:\Users\muldi\Documents\Playground\University\senior-project-1\dataset\internet\clear\Horror movie for WOKE!!!!!.wav,98.383666,99.263753,none,,,3,"['กู', 'มึง', 'เหี้ย']",0.0,False
C:\Users\muldi\Documents\Playground\University\senior-project-1\dataset\internet\clear\Horror movie for WOKE!!!!!.wav,99.323167,111.802627,none,,,25,"['กู', 'กู', 'กู', 'กู', 'กู', 'กู', 'กู', 'มึง', 'มึง', 'มึง', 'มึง', 'มึง', 'มึง', 'มึง', 'มึง', 'มึง', 'เย็ด', 'เย็ด', 'เย็ด', 'เหี้ย', 'เหี้ย', 'เหี้ย', 'เหี้ย', 'เหี้ย', 'เหี้ย']",0.0,False
C:\Users\muldi\Documents\Playground\University\senior-project-1\dataset\internet\clear\Horror movie for WOKE!!!!!.wav,111.995644,146.344623,none,,,52,"['กู', 'กู', 'กู', 'กู', 'กู', 'กู', 'กู', 'กู', 'กู', 'กู', 'กู', 'กู', 'กู', 'กู', 'กู', 'กู', 'กู', 'กู', 'กู', 'กู', 'กู', 'มึง', 'มึง', 'มึง', 'มึง', 'มึง', 'มึง', 'มึง', 'มึง', 'มึง', 'มึง', 'มึง', 'มึง', 'มึง', 'มึง', 'มึง', 'มึง', 'มึง', 'มึง', 'มึง', 'เย็ด', 'เย็ด', 'เย็ด', 'เย็ด', 'เหี้ย', 'เหี้ย', 'เหี้ย', 'เหี้ย', 'เหี้ย', 'เหี้ย', 'เหี้ย', 'เหี้ย']",0.0,False
C:\Users\muldi\Documents\Playground\University\senior-project-1\dataset\internet\clear\Horror movie for WOKE!!!!!.wav,146.495154,147.357061,none,,,4,"['กู', 'เย็ด', 'เย็ด', 'เหี้ย']",0.0,False
C:\Users\muldi\Documents\Playground\University\senior-project-1\dataset\internet\clear\Horror movie for WOKE!!!!!.wav,151.66748,152.239214,none,,,3,"['มึง', 'เย็ด', 'เหี้ย']",0.0,False
C:\Users\muldi\Documents\Playground\University\senior-project-1\dataset\internet\clear\Horror movie for WOKE!!!!!.wav,152.356048,163.318824,none,,,24,"['กู', 'กู', 'กู', 'กู', 'กู', 'กู', 'มึง', 'มึง', 'มึง', 'มึง', 'มึง', 'มึง', 'มึง', 'มึง', 'มึง', 'มึง', 'มึง', 'เย็ด', 'เย็ด', 'เย็ด', 'เหี้ย', 'เหี้ย', 'เหี้ย', 'เหี้ย']",0.0,False
C:\Users\muldi\Documents\Playground\University\senior-project-1\dataset\internet\clear\Horror movie for WOKE!!!!!.wav,163.452757,185.493758,none,,,37,"['กู', 'กู', 'กู', 'กู', 'กู', 'กู', 'กู', 'กู', 'กู', 'กู', 'กู', 'มึง', 'มึง', 'มึง', 'มึง', 'มึง', 'มึง', 'มึง', 'มึง', 'มึง', 'มึง', 'มึง', 'มึง', 'มึง', 'มึง', 'มึง', 'มึง', 'มึง', 'เย็ด', 'เย็ด', 'เย็ด', 'เหี้ย', 'เหี้ย', 'เหี้ย', 'เหี้ย', 'เหี้ย', 'เหี้ย']",0.0,False
C:\Users\muldi\Documents\Playground\University\senior-project-1\dataset\internet\clear\Horror movie for WOKE!!!!!.wav,185.569102,205.807468,none,,,42,"['กู', 'กู', 'กู', 'กู', 'กู', 'กู', 'กู', 'กู', 'กู', 'กู', 'มึง', 'มึง', 'มึง', 'มึง', 'มึง', 'มึง', 'มึง', 'มึง', 'มึง', 'มึง', 'มึง', 'มึง', 'มึง', 'มึง', 'มึง', 'มึง', 'เย็ด', 'เย็ด', 'เย็ด', 'เย็ด', 'เย็ด', 'เย็ด', 'เย็ด', 'เหี้ย', 'เหี้ย', 'เหี้ย', 'เหี้ย', 'เหี้ย', 'เหี้ย', 'เหี้ย', 'เหี้ย', 'เหี้ย']",0.0,False
C:\Users\muldi\Documents\Playground\University\senior-project-1\dataset\internet\clear\Horror movie for WOKE!!!!!.wav,205.984643,233.901757,none,,,51,"['กู', 'กู', 'กู', 'กู', 'กู', 'กู', 'กู', 'กู', 'กู', 'กู', 'กู', 'กู', 'กู', 'มึง', 'มึง', 'มึง', 'มึง', 'มึง', 'มึง', 'มึง', 'มึง', 'มึง', 'มึง', 'มึง', 'มึง', 'มึง', 'เย็ด', 'เย็ด', 'เย็ด', 'เย็ด', 'เย็ด', 'เย็ด', 'เย็ด', 'เย็ด', 'เหี้ย', 'เหี้ย', 'เหี้ย', 'เหี้ย', 'เหี้ย', 'เหี้ย', 'เหี้ย', 'เหี้ย', 'เหี้ย', 'เหี้ย', 'เหี้ย', 'เหี้ย', 'เหี้ย', 'เหี้ย', 'เหี้ย', 'เหี้ย', 'เหี้ย']",0.0,False
C:\Users\muldi\Documents\Playground\University\senior-project-1\dataset\internet\clear\Horror movie for WOKE!!!!!.wav,234.149153,250.457023,none,,,42,"['กู', 'กู', 'กู', 'กู', 'กู', 'กู', 'กู', 'กู', 'กู', 'กู', 'กู', 'กู', 'มึง', 'มึง', 'มึง', 'มึง', 'มึง', 'มึง', 'มึง', 'มึง', 'เย็ด', 'เย็ด', 'เย็ด', 'เย็ด', 'เย็ด', 'เย็ด', 'เย็ด', 'เย็ด', 'เย็ด', 'เย็ด', 'เย็ด', 'เหี้ย', 'เหี้ย', 'เหี้ย', 'เหี้ย', 'เหี้ย', 'เหี้ย', 'เหี้ย', 'เหี้ย', 'เหี้ย', 'เหี้ย', 'เหี้ย']",0.0,False
C:\Users\muldi\Documents\Playground\University\senior-project-1\dataset\internet\clear\Horror movie for WOKE!!!!!.wav,251.213902,251.904726,none,,,2,"['กู', 'เหี้ย']",0.0,False
C:\Users\muldi\Documents\Playground\University\senior-project-1\dataset\internet\clear\Horror movie for WOKE!!!!!.wav,251.987431,377.630483,none,,,222,"['กู', 'กู', 'กู', 'กู', 'กู', 'กู', 'กู', 'กู', 'กู', 'กู', 'กู', 'กู', 'กู', 'กู', 'กู', 'กู', 'กู', 'กู', 'กู', 'กู', 'กู', 'กู', 'กู', 'กู', 'กู', 'กู', 'กู', 'กู', 'กู', 'กู', 'กู', 'กู', 'กู', 'กู', 'กู', 'กู', 'กู', 'กู', 'กู', 'กู', 'กู', 'กู', 'กู', 'กู', 'กู', 'กู', 'กู', 'กู', 'กู', 'กู', 'กู', 'กู', 'กู', 'กู', 'กู', 'กู', 'กู', 'กู', 'กู', 'กู', 'กู', 'กู', 'กู', 'กู', 'กู', 'กู', 'กู', 'กู', 'กู', 'กู', 'มึง', 'มึง', 'มึง', 'มึง', 'มึง', 'มึง', 'มึง', 'มึง', 'มึง', 'มึง', 'มึง', 'มึง', 'มึง', 'มึง', 'มึง', 'มึง', 'มึง', 'มึง', 'มึง', 'มึง', 'มึง', 'มึง', 'มึง', 'มึง', 'มึง', 'มึง', 'มึง', 'มึง', 'มึง', 'มึง', 'มึง', 'มึง', 'มึง', 'มึง', 'มึง', 'มึง', 'มึง', 'มึง', 'มึง', 'มึง', 'มึง', 'มึง', 'มึง', 'มึง', 'มึง', 'มึง', 'มึง', 'มึง', 'มึง', 'มึง', 'มึง', 'มึง', 'มึง', 'มึง', 'มึง', 'มึง', 'มึง', 'มึง', 'มึง', 'มึง', 'มึง', 'มึง', 'มึง', 'มึง', 'มึง', 'มึง', 'มึง', 'มึง', 'มึง', 'มึง', 'มึง', 'มึง', 'มึง', 'มึง', 'มึง', 'เย็ด', 'เย็ด', 'เย็ด', 'เย็ด', 'เย็ด', 'เย็ด', 'เย็ด', 'เย็ด', 'เย็ด', 'เย็ด', 'เย็ด', 'เย็ด', 'เย็ด', 'เย็ด', 'เย็ด', 'เย็ด', 'เย็ด', 'เย็ด', 'เย็ด', 'เย็ด', 'เย็ด', 'เย็ด', 'เย็ด', 'เย็ด', 'เย็ด', 'เย็ด', 'เย็ด', 'เย็ด', 'เย็ด', 'เย็ด', 'เย็ด', 'เย็ด', 'เย็ด', 'เย็ด', 'เย็ด', 'เหี้ย', 'เหี้ย', 'เหี้ย', 'เหี้ย', 'เหี้ย', 'เหี้ย', 'เหี้ย', 'เหี้ย', 'เหี้ย', 'เหี้ย', 'เหี้ย', 'เหี้ย', 'เหี้ย', 'เหี้ย', 'เหี้ย', 'เหี้ย', 'เหี้ย', 'เหี้ย', 'เหี้ย', 'เหี้ย', 'เหี้ย', 'เหี้ย', 'เหี้ย', 'เหี้ย', 'เหี้ย', 'เหี้ย', 'เหี้ย', 'เหี้ย', 'เหี้ย', 'เหี้ย', 'เหี้ย', 'เหี้ย', 'เหี้ย', 'เหี้ย', 'เหี้ย', 'เหี้ย', 'เหี้ย', 'เหี้ย', 'เหี้ย', 'เหี้ย', 'เหี้ย', 'เหี้ย']",0.0,False
C:\Users\muldi\Documents\Playground\University\senior-project-1\dataset\internet\clear\Horror movie for WOKE!!!!!.wav,377.749411,390.442997,none,,,28,"['กู', 'กู', 'กู', 'กู', 'กู', 'กู', 'กู', 'มึง', 'มึง', 'มึง', 'มึง', 'มึง', 'มึง', 'มึง', 'มึง', 'มึง', 'มึง', 'เย็ด', 'เย็ด', 'เย็ด', 'เหี้ย', 'เหี้ย', 'เหี้ย', 'เหี้ย', 'เหี้ย', 'เหี้ย', 'เหี้ย', 'เหี้ย']",0.0,False
C:\Users\muldi\Documents\Playground\University\senior-project-1\dataset\internet\clear\Horror movie for WOKE!!!!!.wav,390.56643,391.415775,none,,,4,"['กู', 'กู', 'มึง', 'เย็ด']",0.0,False
C:\Users\muldi\Documents\Playground\University\senior-project-1\dataset\internet\clear\Horror movie for WOKE!!!!!.wav,391.554751,394.13417,none,,,6,"['กู', 'มึง', 'มึง', 'มึง', 'เย็ด', 'เหี้ย']",0.0,False
C:\Users\muldi\Documents\Playground\University\senior-project-1\dataset\internet\clear\Horror movie for WOKE!!!!!.wav,394.199266,397.015719,none,,,4,"['กู', 'มึง', 'มึง', 'เหี้ย']",0.0,False
C:\Users\muldi\Documents\Playground\University\senior-project-1\dataset\internet\clear\Horror movie for WOKE!!!!!.wav,397.114757,401.002705,none,,,10,"['กู', 'กู', 'กู', 'มึง', 'มึง', 'มึง', 'มึง', 'มึง', 'เย็ด', 'เย็ด']",0.0,False
C:\Users\muldi\Documents\Playground\University\senior-project-1\dataset\internet\clear\Horror movie for WOKE!!!!!.wav,401.121534,402.687054,none,,,3,"['มึง', 'มึง', 'มึง']",0.0,False
C:\Users\muldi\Documents\Playground\University\senior-project-1\dataset\internet\clear\Horror movie for WOKE!!!!!.wav,402.813989,430.135127,none,,,39,"['กู', 'กู', 'กู', 'กู', 'กู', 'กู', 'กู', 'กู', 'กู', 'กู', 'กู', 'กู', 'มึง', 'มึง', 'มึง', 'มึง', 'มึง', 'มึง', 'มึง', 'มึง', 'มึง', 'มึง', 'มึง', 'มึง', 'มึง', 'มึง', 'มึง', 'มึง', 'เย็ด', 'เย็ด', 'เหี้ย', 'เหี้ย', 'เหี้ย', 'เหี้ย', 'เหี้ย', 'เหี้ย', 'เหี้ย', 'เหี้ย', 'เหี้ย']",0.0,False
C:\Users\muldi\Documents\Playground\University\senior-project-1\dataset\internet\clear\Horror movie for WOKE!!!!!.wav,430.275271,452.90394,none,,,44,"['กู', 'กู', 'กู', 'กู', 'กู', 'กู', 'กู', 'กู', 'กู', 'กู', 'กู', 'กู', 'กู', 'กู', 'กู', 'กู', 'กู', 'มึง', 'มึง', 'มึง', 'มึง', 'มึง', 'มึง', 'มึง', 'มึง', 'มึง', 'มึง', 'มึง', 'มึง', 'มึง', 'มึง', 'มึง', 'เย็ด', 'เย็ด', 'เย็ด', 'เย็ด', 'เหี้ย', 'เหี้ย', 'เหี้ย', 'เหี้ย', 'เหี้ย', 'เหี้ย', 'เหี้ย', 'เหี้ย']",0.0,False
C:\Users\muldi\Documents\Playground\University\senior-project-1\dataset\internet\clear\Horror movie for WOKE!!!!!.wav,453.236427,458.682639,none,,,14,"['กู', 'กู', 'กู', 'กู', 'กู', 'มึง', 'มึง', 'มึง', 'เย็ด', 'เหี้ย', 'เหี้ย', 'เหี้ย', 'เหี้ย', 'เหี้ย']",0.0,False
C:\Users\muldi\Documents\Playground\University\senior-project-1\dataset\internet\clear\Horror movie for WOKE!!!!!.wav,459.008723,464.816067,none,,,6,"['กู', 'กู', 'มึง', 'มึง', 'เหี้ย', 'เหี้ย']",0.0,False
C:\Users\muldi\Documents\Playground\University\senior-project-1\dataset\internet\clear\Horror movie for WOKE!!!!!.wav,464.951499,475.577013,none,,,19,"['กู', 'กู', 'กู', 'กู', 'กู', 'กู', 'มึง', 'มึง', 'มึง', 'มึง', 'มึง', 'เย็ด', 'เย็ด', 'เย็ด', 'เย็ด', 'เย็ด', 'เหี้ย', 'เหี้ย', 'เหี้ย']",0.0,False
C:\Users\muldi\Documents\Playground\University\senior-project-1\dataset\internet\clear\Horror movie for WOKE!!!!!.wav,476.036445,509.241954,none,,,53,"['กู', 'กู', 'กู', 'กู', 'กู', 'กู', 'กู', 'กู', 'กู', 'กู', 'กู', 'กู', 'กู', 'กู', 'กู', 'กู', 'กู', 'มึง', 'มึง', 'มึง', 'มึง', 'มึง', 'มึง', 'มึง', 'มึง', 'มึง', 'มึง', 'มึง', 'มึง', 'มึง', 'มึง', 'มึง', 'มึง', 'เย็ด', 'เย็ด', 'เย็ด', 'เย็ด', 'เย็ด', 'เย็ด', 'เย็ด', 'เย็ด', 'เย็ด', 'เย็ด', 'เหี้ย', 'เหี้ย', 'เหี้ย', 'เหี้ย', 'เหี้ย', 'เหี้ย', 'เหี้ย', 'เหี้ย', 'เหี้ย', 'เหี้ย']",0.0,False
C:\Users\muldi\Documents\Playground\University\senior-project-1\dataset\internet\clear\Horror movie for WOKE!!!!!.wav,509.339078,513.617569,none,,,12,"['กู', 'กู', 'กู', 'มึง', 'มึง', 'มึง', 'มึง', 'เย็ด', 'เหี้ย', 'เหี้ย', 'เหี้ย', 'เหี้ย']",0.0,False
C:\Users\muldi\Documents\Playground\University\senior-project-1\dataset\internet\clear\Horror movie for WOKE!!!!!.wav,513.691715,515.319671,none,,,5,"['กู', 'มึง', 'มึง', 'เหี้ย', 'เหี้ย']",0.0,False
C:\Users\muldi\Documents\Playground\University\senior-project-1\dataset\internet\clear\Horror movie for WOKE!!!!!.wav,515.453975,517.563128,none,,,5,"['กู', 'มึง', 'เย็ด', 'เหี้ย', 'เหี้ย']",0.0,False
C:\Users\muldi\Documents\Playground\University\senior-project-1\dataset\internet\clear\Horror movie for WOKE!!!!!.wav,517.703169,518.187935,none,,,3,"['กู', 'เย็ด', 'เหี้ย']",0.0,False
C:\Users\muldi\Documents\Playground\University\senior-project-1\dataset\internet\clear\Horror movie for WOKE!!!!!.wav,518.257994,525.244417,none,,,13,"['กู', 'กู', 'กู', 'กู', 'กู', 'มึง', 'มึง', 'มึง', 'มึง', 'เย็ด', 'เย็ด', 'เหี้ย', 'เหี้ย']",0.0,False
C:\Users\muldi\Documents\Playground\University\senior-project-1\dataset\internet\clear\Horror movie for WOKE!!!!!.wav,525.379001,526.757032,none,,,4,"['กู', 'กู', 'กู', 'มึง']",0.0,False
C:\Users\muldi\Documents\Playground\University\senior-project-1\dataset\internet\clear\Horror movie for WOKE!!!!!.wav,526.881887,529.05042,none,,,5,"['กู', 'มึง', 'มึง', 'เย็ด', 'เหี้ย']",0.0,False
C:\Users\muldi\Documents\Playground\University\senior-project-1\dataset\internet\clear\Horror movie for WOKE!!!!!.wav,529.237501,529.997856,none,,,2,"['มึง', 'เย็ด']",0.0,False
C:\Users\muldi\Documents\Playground\University\senior-project-1\dataset\internet\clear\Horror movie for WOKE!!!!!.wav,530.119883,531.397345,none,,,5,"['กู', 'กู', 'มึง', 'มึง', 'เย็ด']",0.0,False
C:\Users\muldi\Documents\Playground\University\senior-project-1\dataset\internet\clear\Horror movie for WOKE!!!!!.wav,531.648565,533.478706,none,,,5,"['กู', 'มึง', 'มึง', 'มึง', 'เหี้ย']",0.0,False
C:\Users\muldi\Documents\Playground\University\senior-project-1\dataset\internet\clear\Horror movie for WOKE!!!!!.wav,533.591045,535.710915,none,,,5,"['กู', 'มึง', 'มึง', 'มึง', 'เหี้ย']",0.0,False
C:\Users\muldi\Documents\Playground\University\senior-project-1\dataset\internet\clear\Horror movie for WOKE!!!!!.wav,535.804459,537.240854,none,,,5,"['กู', 'มึง', 'มึง', 'เย็ด', 'เย็ด']",0.0,False
C:\Users\muldi\Documents\Playground\University\senior-project-1\dataset\internet\clear\Horror movie for WOKE!!!!!.wav,537.410778,545.810454,none,,,12,"['กู', 'กู', 'กู', 'กู', 'มึง', 'มึง', 'มึง', 'เย็ด', 'เย็ด', 'เย็ด', 'เหี้ย', 'เหี้ย']",0.0,False
C:\Users\muldi\Documents\Playground\University\senior-project-1\dataset\internet\clear\Horror movie for WOKE!!!!!.wav,545.93649,547.721495,none,,,6,"['กู', 'กู', 'กู', 'มึง', 'มึง', 'เย็ด']",0.0,False
C:\Users\muldi\Documents\Playground\University\senior-project-1\dataset\internet\clear\Horror movie for WOKE!!!!!.wav,547.80687,553.638961,none,,,12,"['กู', 'กู', 'กู', 'กู', 'มึง', 'มึง', 'มึง', 'มึง', 'มึง', 'เหี้ย', 'เหี้ย', 'เหี้ย']",0.0,False
C:\Users\muldi\Documents\Playground\University\senior-project-1\dataset\internet\clear\Horror movie for WOKE!!!!!.wav,553.736083,554.729106,none,,,2,"['มึง', 'เหี้ย']",0.0,False
C:\Users\muldi\Documents\Playground\University\senior-project-1\dataset\internet\clear\Horror movie for WOKE!!!!!.wav,554.869137,556.633825,none,,,3,"['กู', 'มึง', 'เหี้ย']",0.0,False
C:\Users\muldi\Documents\Playground\University\senior-project-1\dataset\internet\clear\Horror movie for WOKE!!!!!.wav,556.746356,557.46374,none,,,3,"['กู', 'กู', 'มึง']",0.0,False
C:\Users\muldi\Documents\Playground\University\senior-project-1\dataset\internet\clear\Horror movie for WOKE!!!!!.wav,557.522707,558.508127,none,,,4,"['กู', 'กู', 'มึง', 'เหี้ย']",0.0,False
C:\Users\muldi\Documents\Playground\University\senior-project-1\dataset\internet\clear\Horror movie for WOKE!!!!!.wav,558.549002,561.177123,none,,,6,"['กู', 'กู', 'กู', 'มึง', 'มึง', 'เหี้ย']",0.0,False
C:\Users\muldi\Documents\Playground\University\senior-project-1\dataset\internet\clear\Horror movie for WOKE!!!!!.wav,561.285304,563.630125,none,,,3,"['กู', 'เหี้ย', 'เหี้ย']",0.0,False
C:\Users\muldi\Documents\Playground\University\senior-project-1\dataset\internet\clear\Horror movie for WOKE!!!!!.wav,563.687762,564.888931,none,,,1,['เหี้ย'],0.0,False
C:\Users\muldi\Documents\Playground\University\senior-project-1\dataset\internet\clear\Horror movie for WOKE!!!!!.wav,565.128141,578.444391,none,,,32,"['กู', 'กู', 'กู', 'กู', 'กู', 'กู', 'กู', 'กู', 'กู', 'กู', 'มึง', 'มึง', 'มึง', 'มึง', 'มึง', 'มึง', 'มึง', 'มึง', 'เย็ด', 'เย็ด', 'เย็ด', 'เย็ด', 'เย็ด', 'เหี้ย', 'เหี้ย', 'เหี้ย', 'เหี้ย', 'เหี้ย', 'เหี้ย', 'เหี้ย', 'เหี้ย', 'เหี้ย']",0.0,False
C:\Users\muldi\Documents\Playground\University\senior-project-1\dataset\internet\clear\Horror movie for WOKE!!!!!.wav,578.589735,588.041556,none,,,18,"['กู', 'กู', 'กู', 'กู', 'กู', 'กู', 'มึง', 'มึง', 'มึง', 'มึง', 'มึง', 'เย็ด', 'เย็ด', 'เย็ด', 'เย็ด', 'เหี้ย', 'เหี้ย', 'เหี้ย']",0.0,False
C:\Users\muldi\Documents\Playground\University\senior-project-1\dataset\internet\clear\Horror movie for WOKE!!!!!.wav,588.164565,590.339629,none,,,7,"['กู', 'มึง', 'มึง', 'มึง', 'มึง', 'เย็ด', 'เย็ด']",0.0,False
C:\Users\muldi\Documents\Playground\University\senior-project-1\dataset\internet\clear\Horror movie for WOKE!!!!!.wav,590.501607,592.253253,none,,,5,"['กู', 'กู', 'มึง', 'มึง', 'เหี้ย']",0.0,False
C:\Users\muldi\Documents\Playground\University\senior-project-1\dataset\internet\clear\Horror movie for WOKE!!!!!.wav,592.470812,600.668292,none,,,15,"['กู', 'กู', 'กู', 'กู', 'กู', 'กู', 'มึง', 'มึง', 'มึง', 'เย็ด', 'เย็ด', 'เย็ด', 'เหี้ย', 'เหี้ย', 'เหี้ย']",0.0,False
C:\Users\muldi\Documents\Playground\University\senior-project-1\dataset\internet\clear\Horror movie for WOKE!!!!!.wav,600.829018,603.308083,none,,,5,"['มึง', 'มึง', 'เย็ด', 'เหี้ย', 'เหี้ย']",0.0,False
C:\Users\muldi\Documents\Playground\University\senior-project-1\dataset\internet\clear\โอ๊ต.wav,0.0,19.478165,none,,,37,"['กู', 'กู', 'กู', 'กู', 'กู', 'กู', 'กู', 'กู', 'กู', 'กู', 'มึง', 'มึง', 'มึง', 'มึง', 'มึง', 'มึง', 'มึง', 'มึง', 'มึง', 'มึง', 'มึง', 'มึง', 'มึง', 'เย็ด', 'เย็ด', 'เย็ด', 'เย็ด', 'เหี้ย', 'เหี้ย', 'เหี้ย', 'เหี้ย', 'เหี้ย', 'เหี้ย', 'เหี้ย', 'เหี้ย', 'เหี้ย', 'เหี้ย']",0.0,False
C:\Users\muldi\Documents\Playground\University\senior-project-1\dataset\internet\clear\โอ๊ต.wav,19.783627,20.48689,none,,,4,"['กู', 'มึง', 'เย็ด', 'เหี้ย']",0.0,False
C:\Users\muldi\Documents\Playground\University\senior-project-1\dataset\internet\clear\โอ๊ต.wav,20.565977,56.995884,none,,,63,"['กู', 'กู', 'กู', 'กู', 'กู', 'กู', 'กู', 'กู', 'กู', 'กู', 'กู', 'มึง', 'มึง', 'มึง', 'มึง', 'มึง', 'มึง', 'มึง', 'มึง', 'มึง', 'มึง', 'มึง', 'มึง', 'มึง', 'มึง', 'มึง', 'มึง', 'มึง', 'มึง', 'มึง', 'มึง', 'เย็ด', 'เย็ด', 'เย็ด', 'เย็ด', 'เย็ด', 'เย็ด', 'เย็ด', 'เย็ด', 'เย็ด', 'เย็ด', 'เหี้ย', 'เหี้ย', 'เหี้ย', 'เหี้ย', 'เหี้ย', 'เหี้ย', 'เหี้ย', 'เหี้ย', 'เหี้ย', 'เหี้ย', 'เหี้ย', 'เหี้ย', 'เหี้ย', 'เหี้ย', 'เหี้ย', 'เหี้ย', 'เหี้ย', 'เหี้ย', 'เหี้ย', 'เหี้ย', 'เหี้ย', 'เหี้ย']",0.0,False
C:\Users\muldi\Documents\Playground\University\senior-project-1\dataset\internet\clear\โอ๊ต.wav,57.118727,57.546852,none,,,1,['เย็ด'],0.0,False
C:\Users\muldi\Documents\Playground\University\senior-project-1\dataset\internet\clear\โอ๊ต.wav,57.664793,58.079944,none,,,1,['มึง'],0.0,False
C:\Users\muldi\Documents\Playground\University\senior-project-1\dataset\internet\clear\โอ๊ต.wav,58.166041,127.448485,none,,,128,"['กู', 'กู', 'กู', 'กู', 'กู', 'กู', 'กู', 'กู', 'กู', 'กู', 'กู', 'กู', 'กู', 'กู', 'กู', 'กู', 'กู', 'กู', 'กู', 'กู', 'กู', 'กู', 'กู', 'กู', 'กู', 'กู', 'กู', 'กู', 'กู', 'กู', 'กู', 'กู', 'มึง', 'มึง', 'มึง', 'มึง', 'มึง', 'มึง', 'มึง', 'มึง', 'มึง', 'มึง', 'มึง', 'มึง', 'มึง', 'มึง', 'มึง', 'มึง', 'มึง', 'มึง', 'มึง', 'มึง', 'มึง', 'มึง', 'มึง', 'มึง', 'มึง', 'มึง', 'มึง', 'มึง', 'มึง', 'มึง', 'มึง', 'มึง', 'มึง', 'มึง', 'มึง', 'มึง', 'มึง', 'มึง', 'มึง', 'เย็ด', 'เย็ด', 'เย็ด', 'เย็ด', 'เย็ด', 'เย็ด', 'เย็ด', 'เย็ด', 'เย็ด', 'เย็ด', 'เย็ด', 'เย็ด', 'เย็ด', 'เย็ด', 'เย็ด', 'เย็ด', 'เย็ด', 'เย็ด', 'เหี้ย', 'เหี้ย', 'เหี้ย', 'เหี้ย', 'เหี้ย', 'เหี้ย', 'เหี้ย', 'เหี้ย', 'เหี้ย', 'เหี้ย', 'เหี้ย', 'เหี้ย', 'เหี้ย', 'เหี้ย', 'เหี้ย', 'เหี้ย', 'เหี้ย', 'เหี้ย', 'เหี้ย', 'เหี้ย', 'เหี้ย', 'เหี้ย', 'เหี้ย', 'เหี้ย', 'เหี้ย', 'เหี้ย', 'เหี้ย', 'เหี้ย', 'เหี้ย', 'เหี้ย', 'เหี้ย', 'เหี้ย', 'เหี้ย', 'เหี้ย', 'เหี้ย', 'เหี้ย', 'เหี้ย', 'เหี้ย', 'เหี้ย']",0.0,False
C:\Users\muldi\Documents\Playground\University\senior-project-1\dataset\internet\clear\โอ๊ต.wav,127.531236,130.582868,none,,,7,"['กู', 'กู', 'กู', 'มึง', 'มึง', 'เหี้ย', 'เหี้ย']",0.0,False
C:\Users\muldi\Documents\Playground\University\senior-project-1\dataset\internet\clear\โอ๊ต.wav,130.697271,144.605871,none,,,25,"['กู', 'กู', 'กู', 'กู', 'กู', 'กู', 'มึง', 'มึง', 'มึง', 'มึง', 'มึง', 'มึง', 'มึง', 'มึง', 'เย็ด', 'เย็ด', 'เย็ด', 'เหี้ย', 'เหี้ย', 'เหี้ย', 'เหี้ย', 'เหี้ย', 'เหี้ย', 'เหี้ย', 'เหี้ย']",0.0,False
C:\Users\muldi\Documents\Playground\University\senior-project-1\dataset\internet\clear\โอ๊ต.wav,144.666751,239.426206,none,,,202,"['กู', 'กู', 'กู', 'กู', 'กู', 'กู', 'กู', 'กู', 'กู', 'กู', 'กู', 'กู', 'กู', 'กู', 'กู', 'กู', 'กู', 'กู', 'กู', 'กู', 'กู', 'กู', 'กู', 'กู', 'กู', 'กู', 'กู', 'กู', 'กู', 'กู', 'กู', 'กู', 'กู', 'กู', 'กู', 'กู', 'กู', 'กู', 'กู', 'กู', 'กู', 'กู', 'กู', 'กู', 'กู', 'กู', 'กู', 'กู', 'กู', 'กู', 'กู', 'กู', 'กู', 'กู', 'กู', 'มึง', 'มึง', 'มึง', 'มึง', 'มึง', 'มึง', 'มึง', 'มึง', 'มึง', 'มึง', 'มึง', 'มึง', 'มึง', 'มึง', 'มึง', 'มึง', 'มึง', 'มึง', 'มึง', 'มึง', 'มึง', 'มึง', 'มึง', 'มึง', 'มึง', 'มึง', 'มึง', 'มึง', 'มึง', 'มึง', 'มึง', 'มึง', 'มึง', 'มึง', 'มึง', 'มึง', 'มึง', 'มึง', 'มึง', 'มึง', 'มึง', 'มึง', 'มึง', 'มึง', 'มึง', 'มึง', 'มึง', 'มึง', 'มึง', 'มึง', 'มึง', 'มึง', 'มึง', 'เย็ด', 'เย็ด', 'เย็ด', 'เย็ด', 'เย็ด', 'เย็ด', 'เย็ด', 'เย็ด', 'เย็ด', 'เย็ด', 'เย็ด', 'เย็ด', 'เย็ด', 'เย็ด', 'เย็ด', 'เย็ด', 'เย็ด', 'เย็ด', 'เย็ด', 'เย็ด', 'เย็ด', 'เย็ด', 'เย็ด', 'เย็ด', 'เย็ด', 'เย็ด', 'เย็ด', 'เย็ด', 'เย็ด', 'เย็ด', 'เย็ด', 'เย็ด', 'เย็ด', 'เย็ด', 'เย็ด', 'เย็ด', 'เย็ด', 'เย็ด', 'เย็ด', 'เย็ด', 'เย็ด', 'เย็ด', 'เย็ด', 'เย็ด', 'เย็ด', 'เย็ด', 'เหี้ย', 'เหี้ย', 'เหี้ย', 'เหี้ย', 'เหี้ย', 'เหี้ย', 'เหี้ย', 'เหี้ย', 'เหี้ย', 'เหี้ย', 'เหี้ย', 'เหี้ย', 'เหี้ย', 'เหี้ย', 'เหี้ย', 'เหี้ย', 'เหี้ย', 'เหี้ย', 'เหี้ย', 'เหี้ย', 'เหี้ย', 'เหี้ย', 'เหี้ย', 'เหี้ย', 'เหี้ย', 'เหี้ย', 'เหี้ย', 'เหี้ย', 'เหี้ย', 'เหี้ย', 'เหี้ย', 'เหี้ย', 'เหี้ย', 'เหี้ย', 'เหี้ย', 'เหี้ย', 'เหี้ย', 'เหี้ย', 'เหี้ย', 'เหี้ย', 'เหี้ย', 'เหี้ย', 'เหี้ย', 'เหี้ย', 'เหี้ย', 'เหี้ย', 'เหี้ย', 'เหี้ย']",0.0,False
C:\Users\muldi\Documents\Playground\University\senior-project-1\dataset\internet\clear\โอ๊ต.wav,239.561406,241.053293,none,,,4,"['กู', 'กู', 'มึง', 'เหี้ย']",0.0,False
C:\Users\muldi\Documents\Playground\University\senior-project-1\dataset\internet\clear\โอ๊ต.wav,241.147645,265.757351,none,,,50,"['กู', 'กู', 'กู', 'กู', 'กู', 'กู', 'กู', 'กู', 'กู', 'กู', 'กู', 'กู', 'กู', 'กู', 'มึง', 'มึง', 'มึง', 'มึง', 'มึง', 'มึง', 'มึง', 'มึง', 'มึง', 'มึง', 'มึง', 'มึง', 'มึง', 'เย็ด', 'เย็ด', 'เย็ด', 'เย็ด', 'เย็ด', 'เย็ด', 'เย็ด', 'เย็ด', 'เย็ด', 'เย็ด', 'เหี้ย', 'เหี้ย', 'เหี้ย', 'เหี้ย', 'เหี้ย', 'เหี้ย', 'เหี้ย', 'เหี้ย', 'เหี้ย', 'เหี้ย', 'เหี้ย', 'เหี้ย', 'เหี้ย']",0.0,False
C:\Users\muldi\Documents\Playground\University\senior-project-1\dataset\internet\clear\โอ๊ต.wav,265.998124,273.115236,none,,,14,"['กู', 'กู', 'กู', 'กู', 'กู', 'กู', 'มึง', 'มึง', 'มึง', 'มึง', 'มึง', 'มึง', 'เย็ด', 'เหี้ย']",0.0,False
C:\Users\muldi\Documents\Playground\University\senior-project-1\dataset\internet\clear\โอ๊ต.wav,273.261698,273.623776,none,,,2,"['กู', 'กู']",0.0,False
C:\Users\muldi\Documents\Playground\University\senior-project-1\dataset\internet\clear\โอ๊ต.wav,273.757049,274.318494,none,,,4,"['กู', 'กู', 'มึง', 'เย็ด']",0.0,False
C:\Users\muldi\Documents\Playground\University\senior-project-1\dataset\internet\clear\โอ๊ต.wav,274.443274,274.701628,none,,,1,['เหี้ย'],0.0,False
C:\Users\muldi\Documents\Playground\University\senior-project-1\dataset\internet\clear\โอ๊ต.wav,274.880144,275.715702,none,,,2,"['เย็ด', 'เหี้ย']",0.0,False
C:\Users\muldi\Documents\Playground\University\senior-project-1\dataset\internet\clear\โอ๊ต.wav,275.944799,310.756659,none,,,69,"['กู', 'กู', 'กู', 'กู', 'กู', 'กู', 'กู', 'กู', 'กู', 'กู', 'กู', 'กู', 'กู', 'กู', 'กู', 'กู', 'กู', 'กู', 'กู', 'กู', 'กู', 'กู', 'มึง', 'มึง', 'มึง', 'มึง', 'มึง', 'มึง', 'มึง', 'มึง', 'มึง', 'มึง', 'มึง', 'มึง', 'มึง', 'มึง', 'มึง', 'มึง', 'มึง', 'มึง', 'มึง', 'เย็ด', 'เย็ด', 'เย็ด', 'เย็ด', 'เย็ด', 'เย็ด', 'เย็ด', 'เย็ด', 'เย็ด', 'เย็ด', 'เย็ด', 'เหี้ย', 'เหี้ย', 'เหี้ย', 'เหี้ย', 'เหี้ย', 'เหี้ย', 'เหี้ย', 'เหี้ย', 'เหี้ย', 'เหี้ย', 'เหี้ย', 'เหี้ย', 'เหี้ย', 'เหี้ย', 'เหี้ย', 'เหี้ย', 'เหี้ย']",0.0,False
C:\Users\muldi\Documents\Playground\University\senior-project-1\dataset\internet\clear\โอ๊ต.wav,310.925258,1075.430729,none,,,1132,"['กู', 'กู', 'กู', 'กู', 'กู', 'กู', 'กู', 'กู', 'กู', 'กู', 'กู', 'กู', 'กู', 'กู', 'กู', 'กู', 'กู', 'กู', 'กู', 'กู', 'กู', 'กู', 'กู', 'กู', 'กู', 'กู', 'กู', 'กู', 'กู', 'กู', 'กู', 'กู', 'กู', 'กู', 'กู', 'กู', 'กู', 'กู', 'กู', 'กู', 'กู', 'กู', 'กู', 'กู', 'กู', 'กู', 'กู', 'กู', 'กู', 'กู', 'กู', 'กู', 'กู', 'กู', 'กู', 'กู', 'กู', 'กู', 'กู', 'กู', 'กู', 'กู', 'กู', 'กู', 'กู', 'กู', 'กู', 'กู', 'กู', 'กู', 'กู', 'กู', 'กู', 'กู', 'กู', 'กู', 'กู', 'กู', 'กู', 'กู', 'กู', 'กู', 'กู', 'กู', 'กู', 'กู', 'กู', 'กู', 'กู', 'กู', 'กู', 'กู', 'กู', 'กู', 'กู', 'กู', 'กู', 'กู', 'กู', 'กู', 'กู', 'กู', 'กู', 'กู', 'กู', 'กู', 'กู', 'กู', 'กู', 'กู', 'กู', 'กู', 'กู', 'กู', 'กู', 'กู', 'กู', 'กู', 'กู', 'กู', 'กู', 'กู', 'กู', 'กู', 'กู', 'กู', 'กู', 'กู', 'กู', 'กู', 'กู', 'กู', 'กู', 'กู', 'กู', 'กู', 'กู', 'กู', 'กู', 'กู', 'กู', 'กู', 'กู', 'กู', 'กู', 'กู', 'กู', 'กู', 'กู', 'กู', 'กู', 'กู', 'กู', 'กู', 'กู', 'กู', 'กู', 'กู', 'กู', 'กู', 'กู', 'กู', 'กู', 'กู', 'กู', 'กู', 'กู', 'กู', 'กู', 'กู', 'กู', 'กู', 'กู', 'กู', 'กู', 'กู', 'กู', 'กู', 'กู', 'กู', 'กู', 'กู', 'กู', 'กู', 'กู', 'กู', 'กู', 'กู', 'กู', 'กู', 'กู', 'กู', 'กู', 'กู', 'กู', 'กู', 'กู', 'กู', 'กู', 'กู', 'กู', 'กู', 'กู', 'กู', 'กู', 'กู', 'กู', 'กู', 'กู', 'กู', 'กู', 'กู', 'กู', 'กู', 'กู', 'กู', 'กู', 'กู', 'กู', 'กู', 'กู', 'กู', 'กู', 'กู', 'กู', 'กู', 'กู', 'กู', 'กู', 'กู', 'กู', 'กู', 'กู', 'กู', 'กู', 'กู', 'กู', 'กู', 'กู', 'กู', 'กู', 'กู', 'กู', 'กู', 'กู', 'กู', 'กู', 'กู', 'กู', 'กู', 'กู', 'กู', 'กู', 'กู', 'กู', 'กู', 'กู', 'กู', 'กู', 'กู', 'กู', 'กู', 'กู', 'กู', 'กู', 'กู', 'กู', 'กู', 'กู', 'มึง', 'มึง', 'มึง', 'มึง', 'มึง', 'มึง', 'มึง', 'มึง', 'มึง', 'มึง', 'มึง', 'มึง', 'มึง', 'มึง', 'มึง', 'มึง', 'มึง', 'มึง', 'มึง', 'มึง', 'มึง', 'มึง', 'มึง', 'มึง', 'มึง', 'มึง', 'มึง', 'มึง', 'มึง', 'มึง', 'มึง', 'มึง', 'มึง', 'มึง', 'มึง', 'มึง', 'มึง', 'มึง', 'มึง', 'มึง', 'มึง', 'มึง', 'มึง', 'มึง', 'มึง', 'มึง', 'มึง', 'มึง', 'มึง', 'มึง', 'มึง', 'มึง', 'มึง', 'มึง', 'มึง', 'มึง', 'มึง', 'มึง', 'มึง', 'มึง', 'มึง', 'มึง', 'มึง', 'มึง', 'มึง', 'มึง', 'มึง', 'มึง', 'มึง', 'มึง', 'มึง', 'มึง', 'มึง', 'มึง', 'มึง', 'มึง', 'มึง', 'มึง', 'มึง', 'มึง', 'มึง', 'มึง', 'มึง', 'มึง', 'มึง', 'มึง', 'มึง', 'มึง', 'มึง', 'มึง', 'มึง', 'มึง', 'มึง', 'มึง', 'มึง', 'มึง', 'มึง', 'มึง', 'มึง', 'มึง', 'มึง', 'มึง', 'มึง', 'มึง', 'มึง', 'มึง', 'มึง', 'มึง', 'มึง', 'มึง', 'มึง', 'มึง', 'มึง', 'มึง', 'มึง', 'มึง', 'มึง', 'มึง', 'มึง', 'มึง', 'มึง', 'มึง', 'มึง', 'มึง', 'มึง', 'มึง', 'มึง', 'มึง', 'มึง', 'มึง', 'มึง', 'มึง', 'มึง', 'มึง', 'มึง', 'มึง', 'มึง', 'มึง', 'มึง', 'มึง', 'มึง', 'มึง', 'มึง', 'มึง', 'มึง', 'มึง', 'มึง', 'มึง', 'มึง', 'มึง', 'มึง', 'มึง', 'มึง', 'มึง', 'มึง', 'มึง', 'มึง', 'มึง', 'มึง', 'มึง', 'มึง', 'มึง', 'มึง', 'มึง', 'มึง', 'มึง', 'มึง', 'มึง', 'มึง', 'มึง', 'มึง', 'มึง', 'มึง', 'มึง', 'มึง', 'มึง', 'มึง', 'มึง', 'มึง', 'มึง', 'มึง', 'มึง', 'มึง', 'มึง', 'มึง', 'มึง', 'มึง', 'มึง', 'มึง', 'มึง', 'มึง', 'มึง', 'มึง', 'มึง', 'มึง', 'มึง', 'มึง', 'มึง', 'มึง', 'มึง', 'มึง', 'มึง', 'มึง', 'มึง', 'มึง', 'มึง', 'มึง', 'มึง', 'มึง', 'มึง', 'มึง', 'มึง', 'มึง', 'มึง', 'มึง', 'มึง', 'มึง', 'มึง', 'มึง', 'มึง', 'มึง', 'มึง', 'มึง', 'มึง', 'มึง', 'มึง', 'มึง', 'มึง', 'มึง', 'มึง', 'มึง', 'มึง', 'มึง', 'มึง', 'มึง', 'มึง', 'มึง', 'มึง', 'มึง', 'มึง', 'มึง', 'มึง', 'มึง', 'มึง', 'มึง', 'มึง', 'มึง', 'มึง', 'มึง', 'มึง', 'มึง', 'มึง', 'มึง', 'มึง', 'มึง', 'มึง', 'มึง', 'มึง', 'มึง', 'มึง', 'มึง', 'มึง', 'มึง', 'มึง', 'มึง', 'มึง', 'มึง', 'มึง', 'มึง', 'มึง', 'มึง', 'มึง', 'มึง', 'มึง', 'มึง', 'มึง', 'มึง', 'มึง', 'มึง', 'มึง', 'มึง', 'มึง', 'มึง', 'มึง', 'มึง', 'มึง', 'มึง', 'มึง', 'มึง', 'มึง', 'มึง', 'มึง', 'มึง', 'มึง', 'มึง', 'มึง', 'มึง', 'มึง', 'มึง', 'มึง', 'มึง', 'มึง', 'มึง', 'มึง', 'มึง', 'มึง', 'มึง', 'มึง', 'มึง', 'มึง', 'มึง', 'มึง', 'มึง', 'มึง', 'มึง', 'มึง', 'มึง', 'มึง', 'มึง', 'มึง', 'มึง', 'มึง', 'มึง', 'มึง', 'มึง', 'มึง', 'มึง', 'มึง', 'มึง', 'มึง', 'มึง', 'มึง', 'มึง', 'มึง', 'มึง', 'มึง', 'มึง', 'มึง', 'มึง', 'มึง', 'มึง', 'มึง', 'มึง', 'มึง', 'มึง', 'มึง', 'มึง', 'มึง', 'มึง', 'มึง', 'มึง', 'มึง', 'มึง', 'มึง', 'มึง', 'มึง', 'มึง', 'มึง', 'มึง', 'มึง', 'มึง', 'มึง', 'มึง', 'มึง', 'มึง', 'มึง', 'มึง', 'มึง', 'มึง', 'มึง', 'มึง', 'มึง', 'มึง', 'มึง', 'มึง', 'มึง', 'มึง', 'มึง', 'มึง', 'มึง', 'มึง', 'มึง', 'มึง', 'เย็ด', 'เย็ด', 'เย็ด', 'เย็ด', 'เย็ด', 'เย็ด', 'เย็ด', 'เย็ด', 'เย็ด', 'เย็ด', 'เย็ด', 'เย็ด', 'เย็ด', 'เย็ด', 'เย็ด', 'เย็ด', 'เย็ด', 'เย็ด', 'เย็ด', 'เย็ด', 'เย็ด', 'เย็ด', 'เย็ด', 'เย็ด', 'เย็ด', 'เย็ด', 'เย็ด', 'เย็ด', 'เย็ด', 'เย็ด', 'เย็ด', 'เย็ด', 'เย็ด', 'เย็ด', 'เย็ด', 'เย็ด', 'เย็ด', 'เย็ด', 'เย็ด', 'เย็ด', 'เย็ด', 'เย็ด', 'เย็ด', 'เย็ด', 'เย็ด', 'เย็ด', 'เย็ด', 'เย็ด', 'เย็ด', 'เย็ด', 'เย็ด', 'เย็ด', 'เย็ด', 'เย็ด', 'เย็ด', 'เย็ด', 'เย็ด', 'เย็ด', 'เย็ด', 'เย็ด', 'เย็ด', 'เย็ด', 'เย็ด', 'เย็ด', 'เย็ด', 'เย็ด', 'เย็ด', 'เย็ด', 'เย็ด', 'เย็ด', 'เย็ด', 'เย็ด', 'เย็ด', 'เย็ด', 'เย็ด', 'เย็ด', 'เย็ด', 'เย็ด', 'เย็ด', 'เย็ด', 'เย็ด', 'เย็ด', 'เย็ด', 'เย็ด', 'เย็ด', 'เย็ด', 'เย็ด', 'เย็ด', 'เย็ด', 'เย็ด', 'เย็ด', 'เย็ด', 'เย็ด', 'เย็ด', 'เย็ด', 'เย็ด', 'เย็ด', 'เย็ด', 'เย็ด', 'เย็ด', 'เย็ด', 'เย็ด', 'เย็ด', 'เย็ด', 'เย็ด', 'เย็ด', 'เย็ด', 'เย็ด', 'เย็ด', 'เย็ด', 'เย็ด', 'เย็ด', 'เย็ด', 'เย็ด', 'เหี้ย', 'เหี้ย', 'เหี้ย', 'เหี้ย', 'เหี้ย', 'เหี้ย', 'เหี้ย', 'เหี้ย', 'เหี้ย', 'เหี้ย', 'เหี้ย', 'เหี้ย', 'เหี้ย', 'เหี้ย', 'เหี้ย', 'เหี้ย', 'เหี้ย', 'เหี้ย', 'เหี้ย', 'เหี้ย', 'เหี้ย', 'เหี้ย', 'เหี้ย', 'เหี้ย', 'เหี้ย', 'เหี้ย', 'เหี้ย', 'เหี้ย', 'เหี้ย', 'เหี้ย', 'เหี้ย', 'เหี้ย', 'เหี้ย', 'เหี้ย', 'เหี้ย', 'เหี้ย', 'เหี้ย', 'เหี้ย', 'เหี้ย', 'เหี้ย', 'เหี้ย', 'เหี้ย', 'เหี้ย', 'เหี้ย', 'เหี้ย', 'เหี้ย', 'เหี้ย', 'เหี้ย', 'เหี้ย', 'เหี้ย', 'เหี้ย', 'เหี้ย', 'เหี้ย', 'เหี้ย', 'เหี้ย', 'เหี้ย', 'เหี้ย', 'เหี้ย', 'เหี้ย', 'เหี้ย', 'เหี้ย', 'เหี้ย', 'เหี้ย', 'เหี้ย', 'เหี้ย', 'เหี้ย', 'เหี้ย', 'เหี้ย', 'เหี้ย', 'เหี้ย', 'เหี้ย', 'เหี้ย', 'เหี้ย', 'เหี้ย', 'เหี้ย', 'เหี้ย', 'เหี้ย', 'เหี้ย', 'เหี้ย', 'เหี้ย', 'เหี้ย', 'เหี้ย', 'เหี้ย', 'เหี้ย', 'เหี้ย', 'เหี้ย', 'เหี้ย', 'เหี้ย', 'เหี้ย', 'เหี้ย', 'เหี้ย', 'เหี้ย', 'เหี้ย', 'เหี้ย', 'เหี้ย', 'เหี้ย', 'เหี้ย', 'เหี้ย', 'เหี้ย', 'เหี้ย', 'เหี้ย', 'เหี้ย', 'เหี้ย', 'เหี้ย', 'เหี้ย', 'เหี้ย', 'เหี้ย', 'เหี้ย', 'เหี้ย', 'เหี้ย', 'เหี้ย', 'เหี้ย', 'เหี้ย', 'เหี้ย', 'เหี้ย', 'เหี้ย', 'เหี้ย', 'เหี้ย', 'เหี้ย', 'เหี้ย', 'เหี้ย', 'เหี้ย', 'เหี้ย', 'เหี้ย', 'เหี้ย', 'เหี้ย', 'เหี้ย', 'เหี้ย', 'เหี้ย', 'เหี้ย', 'เหี้ย', 'เหี้ย', 'เหี้ย', 'เหี้ย', 'เหี้ย', 'เหี้ย', 'เหี้ย', 'เหี้ย', 'เหี้ย', 'เหี้ย', 'เหี้ย', 'เหี้ย', 'เหี้ย', 'เหี้ย', 'เหี้ย', 'เหี้ย', 'เหี้ย', 'เหี้ย', 'เหี้ย', 'เหี้ย', 'เหี้ย', 'เหี้ย', 'เหี้ย', 'เหี้ย', 'เหี้ย', 'เหี้ย', 'เหี้ย', 'เหี้ย', 'เหี้ย', 'เหี้ย', 'เหี้ย', 'เหี้ย', 'เหี้ย', 'เหี้ย', 'เหี้ย', 'เหี้ย', 'เหี้ย', 'เหี้ย', 'เหี้ย', 'เหี้ย', 'เหี้ย', 'เหี้ย', 'เหี้ย', 'เหี้ย', 'เหี้ย', 'เหี้ย', 'เหี้ย', 'เหี้ย', 'เหี้ย', 'เหี้ย', 'เหี้ย', 'เหี้ย', 'เหี้ย', 'เหี้ย', 'เหี้ย', 'เหี้ย', 'เหี้ย', 'เหี้ย', 'เหี้ย', 'เหี้ย', 'เหี้ย', 'เหี้ย', 'เหี้ย', 'เหี้ย', 'เหี้ย', 'เหี้ย', 'เหี้ย', 'เหี้ย', 'เหี้ย', 'เหี้ย', 'เหี้ย', 'เหี้ย', 'เหี้ย', 'เหี้ย', 'เหี้ย', 'เหี้ย', 'เหี้ย', 'เหี้ย', 'เหี้ย', 'เหี้ย', 'เหี้ย', 'เหี้ย', 'เหี้ย', 'เหี้ย', 'เหี้ย', 'เหี้ย', 'เหี้ย', 'เหี้ย', 'เหี้ย', 'เหี้ย', 'เหี้ย', 'เหี้ย', 'เหี้ย', 'เหี้ย', 'เหี้ย', 'เหี้ย', 'เหี้ย', 'เหี้ย', 'เหี้ย', 'เหี้ย', 'เหี้ย', 'เหี้ย', 'เหี้ย', 'เหี้ย', 'เหี้ย', 'เหี้ย', 'เหี้ย', 'เหี้ย', 'เหี้ย', 'เหี้ย', 'เหี้ย', 'เหี้ย', 'เหี้ย', 'เหี้ย', 'เหี้ย', 'เหี้ย', 'เหี้ย', 'เหี้ย', 'เหี้ย', 'เหี้ย', 'เหี้ย', 'เหี้ย', 'เหี้ย', 'เหี้ย', 'เหี้ย', 'เหี้ย', 'เหี้ย', 'เหี้ย', 'เหี้ย', 'เหี้ย', 'เหี้ย', 'เหี้ย', 'เหี้ย', 'เหี้ย', 'เหี้ย', 'เหี้ย', 'เหี้ย', 'เหี้ย', 'เหี้ย', 'เหี้ย', 'เหี้ย', 'เหี้ย', 'เหี้ย', 'เหี้ย', 'เหี้ย', 'เหี้ย', 'เหี้ย', 'เหี้ย', 'เหี้ย', 'เหี้ย', 'เหี้ย', 'เหี้ย', 'เหี้ย', 'เหี้ย', 'เหี้ย', 'เหี้ย', 'เหี้ย', 'เหี้ย', 'เหี้ย', 'เหี้ย', 'เหี้ย', 'เหี้ย', 'เหี้ย', 'เหี้ย', 'เหี้ย', 'เหี้ย', 'เหี้ย', 'เหี้ย', 'เหี้ย', 'เหี้ย', 'เหี้ย', 'เหี้ย', 'เหี้ย', 'เหี้ย', 'เหี้ย', 'เหี้ย', 'เหี้ย', 'เหี้ย', 'เหี้ย', 'เหี้ย', 'เหี้ย', 'เหี้ย', 'เหี้ย', 'เหี้ย', 'เหี้ย', 'เหี้ย', 'เหี้ย', 'เหี้ย', 'เหี้ย', 'เหี้ย', 'เหี้ย', 'เหี้ย', 'เหี้ย', 'เหี้ย', 'เหี้ย', 'เหี้ย', 'เหี้ย', 'เหี้ย', 'เหี้ย', 'เหี้ย', 'เหี้ย', 'เหี้ย', 'เหี้ย', 'เหี้ย', 'เหี้ย', 'เหี้ย', 'เหี้ย', 'เหี้ย', 'เหี้ย', 'เหี้ย', 'เหี้ย', 'เหี้ย', 'เหี้ย', 'เหี้ย', 'เหี้ย', 'เหี้ย', 'เหี้ย', 'เหี้ย', 'เหี้ย', 'เหี้ย', 'เหี้ย', 'เหี้ย', 'เหี้ย', 'เหี้ย', 'เหี้ย', 'เหี้ย', 'เหี้ย', 'เหี้ย', 'เหี้ย', 'เหี้ย', 'เหี้ย', 'เหี้ย', 'เหี้ย', 'เหี้ย', 'เหี้ย', 'เหี้ย']",0.0,False
C:\Users\muldi\Documents\Playground\University\senior-project-1\dataset\internet\clear\โอ๊ต.wav,1075.654867,1076.691332,none,,,3,"['กู', 'มึง', 'เหี้ย']",0.0,False
C:\Users\muldi\Documents\Playground\University\senior-project-1\dataset\internet\clear\โอ๊ต.wav,1076.847038,1088.796851,none,,,11,"['กู', 'กู', 'กู', 'กู', 'กู', 'กู', 'มึง', 'เย็ด', 'เหี้ย', 'เหี้ย', 'เหี้ย']",0.0,False
C:\Users\muldi\Documents\Playground\University\senior-project-1\dataset\internet\clear\โอ๊ต.wav,1088.85874,1163.000211,none,,,109,"['กู', 'กู', 'กู', 'กู', 'กู', 'กู', 'กู', 'กู', 'กู', 'กู', 'กู', 'กู', 'กู', 'กู', 'กู', 'กู', 'กู', 'กู', 'กู', 'กู', 'กู', 'กู', 'กู', 'กู', 'กู', 'กู', 'กู', 'กู', 'กู', 'มึง', 'มึง', 'มึง', 'มึง', 'มึง', 'มึง', 'มึง', 'มึง', 'มึง', 'มึง', 'มึง', 'มึง', 'มึง', 'มึง', 'มึง', 'มึง', 'มึง', 'มึง', 'มึง', 'มึง', 'มึง', 'มึง', 'มึง', 'มึง', 'มึง', 'มึง', 'เย็ด', 'เย็ด', 'เย็ด', 'เย็ด', 'เย็ด', 'เย็ด', 'เย็ด', 'เย็ด', 'เย็ด', 'เย็ด', 'เย็ด', 'เย็ด', 'เย็ด', 'เย็ด', 'เย็ด', 'เย็ด', 'เย็ด', 'เหี้ย', 'เหี้ย', 'เหี้ย', 'เหี้ย', 'เหี้ย', 'เหี้ย', 'เหี้ย', 'เหี้ย', 'เหี้ย', 'เหี้ย', 'เหี้ย', 'เหี้ย', 'เหี้ย', 'เหี้ย', 'เหี้ย', 'เหี้ย', 'เหี้ย', 'เหี้ย', 'เหี้ย', 'เหี้ย', 'เหี้ย', 'เหี้ย', 'เหี้ย', 'เหี้ย', 'เหี้ย', 'เหี้ย', 'เหี้ย', 'เหี้ย', 'เหี้ย', 'เหี้ย', 'เหี้ย', 'เหี้ย', 'เหี้ย', 'เหี้ย', 'เหี้ย', 'เหี้ย', 'เหี้ย']",0.0,False
C:\Users\muldi\Documents\Playground\University\senior-project-1\dataset\internet\clear\โอ๊ต.wav,1163.162908,1169.9105,none,,,13,"['กู', 'กู', 'กู', 'กู', 'กู', 'กู', 'มึง', 'มึง', 'มึง', 'เย็ด', 'เย็ด', 'เหี้ย', 'เหี้ย']",0.0,False
C:\Users\muldi\Documents\Playground\University\senior-project-1\dataset\internet\clear\โอ๊ต.wav,1170.011165,1270.506929,none,,,147,"['กู', 'กู', 'กู', 'กู', 'กู', 'กู', 'กู', 'กู', 'กู', 'กู', 'กู', 'กู', 'กู', 'กู', 'กู', 'กู', 'กู', 'กู', 'กู', 'กู', 'กู', 'กู', 'กู', 'กู', 'กู', 'มึง', 'มึง', 'มึง', 'มึง', 'มึง', 'มึง', 'มึง', 'มึง', 'มึง', 'มึง', 'มึง', 'มึง', 'มึง', 'มึง', 'มึง', 'มึง', 'มึง', 'มึง', 'มึง', 'มึง', 'มึง', 'มึง', 'มึง', 'มึง', 'มึง', 'มึง', 'มึง', 'มึง', 'มึง', 'มึง', 'มึง', 'มึง', 'มึง', 'มึง', 'มึง', 'มึง', 'มึง', 'มึง', 'มึง', 'มึง', 'มึง', 'มึง', 'มึง', 'มึง', 'มึง', 'มึง', 'มึง', 'มึง', 'เย็ด', 'เย็ด', 'เย็ด', 'เย็ด', 'เย็ด', 'เย็ด', 'เย็ด', 'เย็ด', 'เย็ด', 'เย็ด', 'เย็ด', 'เย็ด', 'เย็ด', 'เย็ด', 'เย็ด', 'เย็ด', 'เย็ด', 'เย็ด', 'เย็ด', 'เย็ด', 'เย็ด', 'เย็ด', 'เย็ด', 'เย็ด', 'เย็ด', 'เหี้ย', 'เหี้ย', 'เหี้ย', 'เหี้ย', 'เหี้ย', 'เหี้ย', 'เหี้ย', 'เหี้ย', 'เหี้ย', 'เหี้ย', 'เหี้ย', 'เหี้ย', 'เหี้ย', 'เหี้ย', 'เหี้ย', 'เหี้ย', 'เหี้ย', 'เหี้ย', 'เหี้ย', 'เหี้ย', 'เหี้ย', 'เหี้ย', 'เหี้ย', 'เหี้ย', 'เหี้ย', 'เหี้ย', 'เหี้ย', 'เหี้ย', 'เหี้ย', 'เหี้ย', 'เหี้ย', 'เหี้ย', 'เหี้ย', 'เหี้ย', 'เหี้ย', 'เหี้ย', 'เหี้ย', 'เหี้ย', 'เหี้ย', 'เหี้ย', 'เหี้ย', 'เหี้ย', 'เหี้ย', 'เหี้ย', 'เหี้ย', 'เหี้ย', 'เหี้ย', 'เหี้ย', 'เหี้ย']",0.0,False
C:\Users\muldi\Documents\Playground\University\senior-project-1\dataset\internet\clear\โอ๊ต.wav,1270.76677,1274.997617,none,,,6,"['กู', 'กู', 'มึง', 'มึง', 'เหี้ย', 'เหี้ย']",0.0,False
C:\Users\muldi\Documents\Playground\University\senior-project-1\dataset\internet\clear\โอ๊ต.wav,1275.234648,1301.148195,none,,,42,"['กู', 'กู', 'กู', 'กู', 'กู', 'กู', 'กู', 'กู', 'กู', 'กู', 'กู', 'กู', 'มึง', 'มึง', 'มึง', 'มึง', 'มึง', 'มึง', 'มึง', 'มึง', 'มึง', 'มึง', 'มึง', 'มึง', 'มึง', 'มึง', 'มึง', 'มึง', 'มึง', 'มึง', 'มึง', 'เย็ด', 'เย็ด', 'เหี้ย', 'เหี้ย', 'เหี้ย', 'เหี้ย', 'เหี้ย', 'เหี้ย', 'เหี้ย', 'เหี้ย', 'เหี้ย']",0.0,False
C:\Users\muldi\Documents\Playground\University\senior-project-1\dataset\internet\clear\โอ๊ต.wav,1301.295464,1315.105073,none,,,16,"['กู', 'มึง', 'มึง', 'มึง', 'มึง', 'มึง', 'มึง', 'มึง', 'เย็ด', 'เหี้ย', 'เหี้ย', 'เหี้ย', 'เหี้ย', 'เหี้ย', 'เหี้ย', 'เหี้ย']",0.0,False
C:\Users\muldi\Documents\Playground\University\senior-project-1\dataset\internet\clear\โอ๊ต.wav,1315.274782,1324.097667,none,,,11,"['กู', 'มึง', 'มึง', 'มึง', 'เย็ด', 'เหี้ย', 'เหี้ย', 'เหี้ย', 'เหี้ย', 'เหี้ย', 'เหี้ย']",0.0,False
C:\Users\muldi\Documents\Playground\University\senior-project-1\dataset\internet\clear\โอ๊ต.wav,1324.310896,1357.184687,none,,,79,"['กู', 'กู', 'กู', 'กู', 'กู', 'กู', 'กู', 'กู', 'กู', 'กู', 'กู', 'กู', 'กู', 'กู', 'กู', 'กู', 'มึง', 'มึง', 'มึง', 'มึง', 'มึง', 'มึง', 'มึง', 'มึง', 'มึง', 'มึง', 'มึง', 'มึง', 'มึง', 'มึง', 'มึง', 'มึง', 'มึง', 'มึง', 'มึง', 'เย็ด', 'เย็ด', 'เย็ด', 'เย็ด', 'เย็ด', 'เย็ด', 'เย็ด', 'เย็ด', 'เย็ด', 'เย็ด', 'เย็ด', 'เย็ด', 'เย็ด', 'เย็ด', 'เย็ด', 'เย็ด', 'เย็ด', 'เย็ด', 'เย็ด', 'เย็ด', 'เย็ด', 'เย็ด', 'เย็ด', 'เหี้ย', 'เหี้ย', 'เหี้ย', 'เหี้ย', 'เหี้ย', 'เหี้ย', 'เหี้ย', 'เหี้ย', 'เหี้ย', 'เหี้ย', 'เหี้ย', 'เหี้ย', 'เหี้ย', 'เหี้ย', 'เหี้ย', 'เหี้ย', 'เหี้ย', 'เหี้ย', 'เหี้ย', 'เหี้ย', 'เหี้ย']",0.0,False
C:\Users\muldi\Documents\Playground\University\senior-project-1\dataset\internet\effect\เมื่อไตระบายความในใจ.wav,76.165856,93.00204,none,,,34,"['กู', 'กู', 'กู', 'กู', 'กู', 'กู', 'กู', 'กู', 'กู', 'กู', 'มึง', 'มึง', 'มึง', 'มึง', 'มึง', 'มึง', 'มึง', 'มึง', 'เย็ด', 'เย็ด', 'เย็ด', 'เย็ด', 'เหี้ย', 'เหี้ย', 'เหี้ย', 'เหี้ย', 'เหี้ย', 'เหี้ย', 'เหี้ย', 'เหี้ย', 'เหี้ย', 'เหี้ย', 'เหี้ย', 'เหี้ย']",0.0,False
C:\Users\muldi\Documents\Playground\University\senior-project-1\dataset\internet\effect\เมื่อไตระบายความในใจ.wav,93.13855,113.627104,none,,,45,"['กู', 'กู', 'กู', 'กู', 'กู', 'กู', 'กู', 'กู', 'กู', 'กู', 'กู', 'กู', 'กู', 'กู', 'มึง', 'มึง', 'มึง', 'มึง', 'มึง', 'มึง', 'มึง', 'มึง', 'มึง', 'มึง', 'มึง', 'มึง', 'มึง', 'มึง', 'เย็ด', 'เย็ด', 'เหี้ย', 'เหี้ย', 'เหี้ย', 'เหี้ย', 'เหี้ย', 'เหี้ย', 'เหี้ย', 'เหี้ย', 'เหี้ย', 'เหี้ย', 'เหี้ย', 'เหี้ย', 'เหี้ย', 'เหี้ย', 'เหี้ย']",0.0,False
C:\Users\muldi\Documents\Playground\University\senior-project-1\dataset\internet\clear\จารย์แดง1.wav,0.0,0.113714,none,,,1,['กู'],0.0,False
C:\Users\muldi\Documents\Playground\University\senior-project-1\dataset\internet\clear\จารย์แดง1.wav,0.194503,2.572296,none,,,3,"['กู', 'เหี้ย', 'เหี้ย']",0.0,False
C:\Users\muldi\Documents\Playground\University\senior-project-1\dataset\internet\clear\จารย์แดง1.wav,2.775387,3.472544,none,,,2,"['มึง', 'เหี้ย']",0.0,False
C:\Users\muldi\Documents\Playground\University\senior-project-1\dataset\internet\clear\จารย์แดง1.wav,3.657632,4.661521,none,,,4,"['มึง', 'มึง', 'เหี้ย', 'เหี้ย']",0.0,False
C:\Users\muldi\Documents\Playground\University\senior-project-1\dataset\internet\clear\จารย์แดง1.wav,4.793888,6.532306,none,,,4,"['กู', 'มึง', 'มึง', 'เหี้ย']",0.0,False
C:\Users\muldi\Documents\Playground\University\senior-project-1\dataset\internet\clear\จารย์แดง1.wav,6.669085,7.40837,none,,,2,"['มึง', 'เหี้ย']",0.0,False
C:\Users\muldi\Documents\Playground\University\senior-project-1\dataset\internet\clear\จารย์แดง1.wav,7.649822,7.697617,none,,,2,"['มึง', 'เหี้ย']",0.0,False
C:\Users\muldi\Documents\Playground\University\senior-project-1\dataset\internet\clear\จารย์แดง1.wav,7.913764,8.525175,none,,,2,"['มึง', 'เหี้ย']",0.0,False
C:\Users\muldi\Documents\Playground\University\senior-project-1\dataset\internet\clear\จารย์แดง1.wav,8.880846,9.145259,none,,,2,"['มึง', 'เหี้ย']",0.0,False
C:\Users\muldi\Documents\Playground\University\senior-project-1\dataset\internet\clear\จารย์แดง1.wav,9.308274,10.891632,none,,,2,"['เหี้ย', 'เหี้ย']",0.0,False
C:\Users\muldi\Documents\Playground\University\senior-project-1\dataset\internet\clear\จารย์แดง1.wav,11.191145,12.283356,none,,,3,"['เย็ด', 'เหี้ย', 'เหี้ย']",0.0,False
C:\Users\muldi\Documents\Playground\University\senior-project-1\dataset\internet\clear\ลิ้นจระเข้ กินอะไรก็อร่อย.wav,0.0,3.114908,none,,,2,"['กู', 'เหี้ย']",0.0,False
C:\Users\muldi\Documents\Playground\University\senior-project-1\dataset\internet\clear\ลิ้นจระเข้ กินอะไรก็อร่อย.wav,3.344441,6.109426,none,,,4,"['กู', 'กู', 'มึง', 'มึง']",0.0,False
C:\Users\muldi\Documents\Playground\University\senior-project-1\dataset\internet\clear\ลิ้นจระเข้ กินอะไรก็อร่อย.wav,6.219232,12.082587,none,,,10,"['กู', 'กู', 'มึง', 'มึง', 'มึง', 'มึง', 'มึง', 'เหี้ย', 'เหี้ย', 'เหี้ย']",0.0,False
C:\Users\muldi\Documents\Playground\University\senior-project-1\dataset\internet\clear\ลิ้นจระเข้ กินอะไรก็อร่อย.wav,12.34321,18.205243,none,,,13,"['กู', 'กู', 'กู', 'กู', 'มึง', 'มึง', 'มึง', 'มึง', 'มึง', 'เย็ด', 'เหี้ย', 'เหี้ย', 'เหี้ย']",0.0,False
C:\Users\muldi\Documents\Playground\University\senior-project-1\dataset\internet\clear\ลิ้นจระเข้ กินอะไรก็อร่อย.wav,18.344153,19.292715,none,,,4,"['กู', 'กู', 'มึง', 'เหี้ย']",0.0,False
C:\Users\muldi\Documents\Playground\University\senior-project-1\dataset\internet\clear\ลิ้นจระเข้ กินอะไรก็อร่อย.wav,19.410459,20.167191,none,,,3,"['กู', 'กู', 'มึง']",0.0,False
C:\Users\muldi\Documents\Playground\University\senior-project-1\dataset\internet\clear\ลิ้นจระเข้ กินอะไรก็อร่อย.wav,20.286258,39.736405,none,,,33,"['กู', 'กู', 'กู', 'กู', 'กู', 'กู', 'กู', 'กู', 'มึง', 'มึง', 'มึง', 'มึง', 'มึง', 'มึง', 'มึง', 'มึง', 'มึง', 'มึง', 'มึง', 'มึง', 'มึง', 'มึง', 'เย็ด', 'เย็ด', 'เย็ด', 'เหี้ย', 'เหี้ย', 'เหี้ย', 'เหี้ย', 'เหี้ย', 'เหี้ย', 'เหี้ย', 'เหี้ย']",0.0,False
C:\Users\muldi\Documents\Playground\University\senior-project-1\dataset\internet\clear\ลิ้นจระเข้ กินอะไรก็อร่อย.wav,39.81446,40.202087,none,,,2,"['กู', 'เหี้ย']",0.0,False
C:\Users\muldi\Documents\Playground\University\senior-project-1\dataset\internet\clear\ลิ้นจระเข้ กินอะไรก็อร่อย.wav,40.296876,41.355024,none,,,3,"['กู', 'มึง', 'เหี้ย']",0.0,False
C:\Users\muldi\Documents\Playground\University\senior-project-1\dataset\internet\clear\ลิ้นจระเข้ กินอะไรก็อร่อย.wav,41.494083,41.640929,none,,,2,"['กู', 'มึง']",0.0,False
C:\Users\muldi\Documents\Playground\University\senior-project-1\dataset\internet\clear\ลิ้นจระเข้ กินอะไรก็อร่อย.wav,41.80335,53.828056,none,,,24,"['กู', 'กู', 'กู', 'กู', 'กู', 'กู', 'กู', 'มึง', 'มึง', 'มึง', 'มึง', 'มึง', 'มึง', 'มึง', 'มึง', 'มึง', 'มึง', 'เย็ด', 'เหี้ย', 'เหี้ย', 'เหี้ย', 'เหี้ย', 'เหี้ย', 'เหี้ย']",0.0,False
C:\Users\muldi\Documents\Playground\University\senior-project-1\dataset\internet\clear\ลิ้นจระเข้ กินอะไรก็อร่อย.wav,53.949316,58.714533,none,,,9,"['กู', 'มึง', 'มึง', 'มึง', 'เย็ด', 'เหี้ย', 'เหี้ย', 'เหี้ย', 'เหี้ย']",0.0,False
C:\Users\muldi\Documents\Playground\University\senior-project-1\dataset\internet\clear\ลิ้นจระเข้ กินอะไรก็อร่อย.wav,58.993002,59.809531,none,,,1,['เหี้ย'],0.0,False
C:\Users\muldi\Documents\Playground\University\senior-project-1\dataset\internet\clear\ลิ้นจระเข้ กินอะไรก็อร่อย.wav,59.887408,60.657525,none,,,1,['กู'],0.0,False
C:\Users\muldi\Documents\Playground\University\senior-project-1\dataset\internet\clear\ลิ้นจระเข้ กินอะไรก็อร่อย.wav,60.766867,66.304,none,,,7,"['กู', 'กู', 'มึง', 'มึง', 'เหี้ย', 'เหี้ย', 'เหี้ย']",0.0,False
C:\Users\muldi\Documents\Playground\University\senior-project-1\dataset\internet\clear\Yo mama & แซนวิชบลูเบอร์รี่.wav,0.0,19.031222,none,,,32,"['กู', 'กู', 'กู', 'กู', 'กู', 'กู', 'กู', 'กู', 'กู', 'มึง', 'มึง', 'มึง', 'มึง', 'มึง', 'มึง', 'มึง', 'มึง', 'มึง', 'มึง', 'มึง', 'มึง', 'มึง', 'มึง', 'เย็ด', 'เย็ด', 'เหี้ย', 'เหี้ย', 'เหี้ย', 'เหี้ย', 'เหี้ย', 'เหี้ย', 'เหี้ย']",0.0,False
C:\Users\muldi\Documents\Playground\University\senior-project-1\dataset\internet\clear\Yo mama & แซนวิชบลูเบอร์รี่.wav,19.153205,23.022478,none,,,4,"['กู', 'มึง', 'มึง', 'เหี้ย']",0.0,False
C:\Users\muldi\Documents\Playground\University\senior-project-1\dataset\internet\clear\Yo mama & แซนวิชบลูเบอร์รี่.wav,23.217391,24.340333,none,,,4,"['กู', 'มึง', 'มึง', 'มึง']",0.0,False
C:\Users\muldi\Documents\Playground\University\senior-project-1\dataset\internet\clear\Yo mama & แซนวิชบลูเบอร์รี่.wav,24.50921,26.009433,none,,,3,"['กู', 'มึง', 'มึง']",0.0,False
C:\Users\muldi\Documents\Playground\University\senior-project-1\dataset\internet\clear\Yo mama & แซนวิชบลูเบอร์รี่.wav,26.205666,28.161061,none,,,3,"['กู', 'มึง', 'มึง']",0.0,False
C:\Users\muldi\Documents\Playground\University\senior-project-1\dataset\internet\clear\Yo mama & แซนวิชบลูเบอร์รี่.wav,28.271807,29.996729,none,,,2,"['มึง', 'มึง']",0.0,False
C:\Users\muldi\Documents\Playground\University\senior-project-1\dataset\internet\clear\Yo mama & แซนวิชบลูเบอร์รี่.wav,30.232618,34.418552,none,,,11,"['กู', 'กู', 'กู', 'กู', 'กู', 'มึง', 'มึง', 'มึง', 'มึง', 'มึง', 'เหี้ย']",0.0,False
C:\Users\muldi\Documents\Playground\University\senior-project-1\dataset\internet\clear\Yo mama & แซนวิชบลูเบอร์รี่.wav,34.59257,39.071439,none,,,8,"['กู', 'กู', 'มึง', 'มึง', 'มึง', 'เย็ด', 'เย็ด', 'เหี้ย']",0.0,False
C:\Users\muldi\Documents\Playground\University\senior-project-1\dataset\internet\clear\Yo mama & แซนวิชบลูเบอร์รี่.wav,40.65505,44.669968,none,,,6,"['กู', 'กู', 'มึง', 'มึง', 'มึง', 'เย็ด']",0.0,False
C:\Users\muldi\Documents\Playground\University\senior-project-1\dataset\internet\clear\Yo mama & แซนวิชบลูเบอร์รี่.wav,57.399682,57.951197,none,,,2,"['มึง', 'เหี้ย']",0.0,False
C:\Users\muldi\Documents\Playground\University\senior-project-1\dataset\internet\clear\Yo mama & แซนวิชบลูเบอร์รี่.wav,58.117316,60.009619,none,,,2,"['มึง', 'มึง']",0.0,False
C:\Users\muldi\Documents\Playground\University\senior-project-1\dataset\internet\clear\Yo mama & แซนวิชบลูเบอร์รี่.wav,60.131435,61.845558,none,,,4,"['กู', 'กู', 'มึง', 'มึง']",0.0,False
C:\Users\muldi\Documents\Playground\University\senior-project-1\dataset\internet\clear\Yo mama & แซนวิชบลูเบอร์รี่.wav,61.939615,65.629591,none,,,7,"['กู', 'กู', 'มึง', 'มึง', 'มึง', 'มึง', 'มึง']",0.0,False
C:\Users\muldi\Documents\Playground\University\senior-project-1\dataset\internet\clear\Yo mama & แซนวิชบลูเบอร์รี่.wav,83.926981,87.515124,none,,,7,"['กู', 'มึง', 'มึง', 'มึง', 'มึง', 'มึง', 'เหี้ย']",0.0,False
C:\Users\muldi\Documents\Playground\University\senior-project-1\dataset\internet\clear\Yo mama & แซนวิชบลูเบอร์รี่.wav,87.703239,92.078296,none,,,6,"['กู', 'มึง', 'มึง', 'มึง', 'เย็ด', 'เหี้ย']",0.0,False
C:\Users\muldi\Documents\Playground\University\senior-project-1\dataset\internet\clear\Yo mama & แซนวิชบลูเบอร์รี่.wav,92.249414,95.572572,none,,,7,"['กู', 'มึง', 'มึง', 'มึง', 'มึง', 'มึง', 'เหี้ย']",0.0,False
C:\Users\muldi\Documents\Playground\University\senior-project-1\dataset\internet\clear\Yo mama & แซนวิชบลูเบอร์รี่.wav,96.844937,98.555061,none,,,5,"['กู', 'มึง', 'มึง', 'เหี้ย', 'เหี้ย']",0.0,False
C:\Users\muldi\Documents\Playground\University\senior-project-1\dataset\internet\clear\Yo mama & แซนวิชบลูเบอร์รี่.wav,98.741417,99.453283,none,,,3,"['กู', 'มึง', 'มึง']",0.0,False
C:\Users\muldi\Documents\Playground\University\senior-project-1\dataset\internet\clear\Yo mama & แซนวิชบลูเบอร์รี่.wav,99.658163,100.578463,none,,,3,"['กู', 'มึง', 'มึง']",0.0,False
C:\Users\muldi\Documents\Playground\University\senior-project-1\dataset\internet\clear\Yo mama & แซนวิชบลูเบอร์รี่.wav,100.726862,102.836575,none,,,4,"['กู', 'มึง', 'มึง', 'เหี้ย']",0.0,False
C:\Users\muldi\Documents\Playground\University\senior-project-1\dataset\internet\clear\Yo mama & แซนวิชบลูเบอร์รี่.wav,103.044777,103.905744,none,,,2,"['มึง', 'มึง']",0.0,False
C:\Users\muldi\Documents\Playground\University\senior-project-1\dataset\internet\clear\Yo mama & แซนวิชบลูเบอร์รี่.wav,107.566634,108.881956,none,,,1,['มึง'],0.0,False
C:\Users\muldi\Documents\Playground\University\senior-project-1\dataset\internet\clear\Yo mama & แซนวิชบลูเบอร์รี่.wav,118.448281,132.010667,none,,,23,"['กู', 'กู', 'กู', 'กู', 'กู', 'มึง', 'มึง', 'มึง', 'มึง', 'มึง', 'มึง', 'มึง', 'มึง', 'มึง', 'มึง', 'มึง', 'เหี้ย', 'เหี้ย', 'เหี้ย', 'เหี้ย', 'เหี้ย', 'เหี้ย', 'เหี้ย']",0.0,False
C:\Users\muldi\Documents\Playground\University\senior-project-1\dataset\internet\clear\เพื่อนบ้านหรรษาของจริงๆ.wav,0.0,5.244845,none,,,4,"['กู', 'มึง', 'มึง', 'เหี้ย']",0.0,False
C:\Users\muldi\Documents\Playground\University\senior-project-1\dataset\internet\clear\เพื่อนบ้านหรรษาของจริงๆ.wav,5.478995,19.765428,none,,,26,"['กู', 'กู', 'กู', 'กู', 'กู', 'กู', 'มึง', 'มึง', 'มึง', 'มึง', 'มึง', 'มึง', 'มึง', 'เย็ด', 'เย็ด', 'เย็ด', 'เย็ด', 'เย็ด', 'เหี้ย', 'เหี้ย', 'เหี้ย', 'เหี้ย', 'เหี้ย', 'เหี้ย', 'เหี้ย', 'เหี้ย']",0.0,False
C:\Users\muldi\Documents\Playground\University\senior-project-1\dataset\internet\clear\เพื่อนบ้านหรรษาของจริงๆ.wav,19.861178,22.193372,none,,,5,"['กู', 'กู', 'มึง', 'มึง', 'เหี้ย']",0.0,False
C:\Users\muldi\Documents\Playground\University\senior-project-1\dataset\internet\clear\เพื่อนบ้านหรรษาของจริงๆ.wav,22.500443,29.512519,none,,,18,"['กู', 'กู', 'กู', 'กู', 'มึง', 'มึง', 'มึง', 'มึง', 'มึง', 'มึง', 'มึง', 'เย็ด', 'เย็ด', 'เหี้ย', 'เหี้ย', 'เหี้ย', 'เหี้ย', 'เหี้ย']",0.0,False
C:\Users\muldi\Documents\Playground\University\senior-project-1\dataset\internet\clear\เพื่อนบ้านหรรษาของจริงๆ.wav,36.258571,37.924782,none,,,5,"['กู', 'มึง', 'เย็ด', 'เหี้ย', 'เหี้ย']",0.0,False
C:\Users\muldi\Documents\Playground\University\senior-project-1\dataset\internet\clear\เพื่อนบ้านหรรษาของจริงๆ.wav,38.043642,39.712069,none,,,5,"['กู', 'กู', 'มึง', 'มึง', 'เหี้ย']",0.0,False
C:\Users\muldi\Documents\Playground\University\senior-project-1\dataset\internet\clear\เพื่อนบ้านหรรษาของจริงๆ.wav,39.755921,41.739548,none,,,4,"['กู', 'กู', 'มึง', 'เหี้ย']",0.0,False
C:\Users\muldi\Documents\Playground\University\senior-project-1\dataset\internet\clear\เพื่อนบ้านหรรษาของจริงๆ.wav,41.992217,42.846921,none,,,1,['มึง'],0.0,False
C:\Users\muldi\Documents\Playground\University\senior-project-1\dataset\internet\clear\เพื่อนบ้านหรรษาของจริงๆ.wav,43.059568,55.128349,none,,,20,"['กู', 'กู', 'กู', 'กู', 'กู', 'มึง', 'มึง', 'มึง', 'มึง', 'มึง', 'มึง', 'มึง', 'มึง', 'มึง', 'เย็ด', 'เย็ด', 'เหี้ย', 'เหี้ย', 'เหี้ย', 'เหี้ย']",0.0,False
C:\Users\muldi\Documents\Playground\University\senior-project-1\dataset\internet\clear\เพื่อนบ้านหรรษาของจริงๆ.wav,55.268089,60.352,none,,,6,"['กู', 'มึง', 'เหี้ย', 'เหี้ย', 'เหี้ย', 'เหี้ย']",0.0,False
C:\Users\muldi\Documents\Playground\University\senior-project-1\dataset\internet\music\จารย์แดง2.wav,0.0,2.556823,none,,,6,"['กู', 'มึง', 'มึง', 'มึง', 'เย็ด', 'เหี้ย']",0.0,False
C:\Users\muldi\Documents\Playground\University\senior-project-1\dataset\internet\music\จารย์แดง2.wav,3.076616,4.295322,none,,,3,"['มึง', 'เย็ด', 'เหี้ย']",0.0,False
C:\Users\muldi\Documents\Playground\University\senior-project-1\dataset\internet\music\จารย์แดง2.wav,4.892382,5.755192,none,,,5,"['กู', 'กู', 'เย็ด', 'เหี้ย', 'เหี้ย']",0.0,False
C:\Users\muldi\Documents\Playground\University\senior-project-1\dataset\internet\music\จารย์แดง2.wav,6.010406,7.785197,none,,,4,"['กู', 'มึง', 'เหี้ย', 'เหี้ย']",0.0,False
C:\Users\muldi\Documents\Playground\University\senior-project-1\dataset\internet\music\จารย์แดง2.wav,8.046265,9.218322,none,,,3,"['กู', 'เย็ด', 'เหี้ย']",0.0,False
C:\Users\muldi\Documents\Playground\University\senior-project-1\dataset\internet\clear\ช่วยด้วย!! นวยจะมาอยู่ด้วย!!.wav,0.0,12.799492,none,,,19,"['กู', 'กู', 'กู', 'กู', 'กู', 'กู', 'มึง', 'มึง', 'มึง', 'มึง', 'มึง', 'มึง', 'เย็ด', 'เย็ด', 'เหี้ย', 'เหี้ย', 'เหี้ย', 'เหี้ย', 'เหี้ย']",0.0,False
C:\Users\muldi\Documents\Playground\University\senior-project-1\dataset\internet\clear\ช่วยด้วย!! นวยจะมาอยู่ด้วย!!.wav,13.298601,13.676268,none,,,3,"['กู', 'มึง', 'เย็ด']",0.0,False
C:\Users\muldi\Documents\Playground\University\senior-project-1\dataset\internet\clear\ช่วยด้วย!! นวยจะมาอยู่ด้วย!!.wav,13.763936,33.564691,none,,,46,"['กู', 'กู', 'กู', 'กู', 'กู', 'กู', 'กู', 'กู', 'กู', 'กู', 'กู', 'กู', 'กู', 'มึง', 'มึง', 'มึง', 'มึง', 'มึง', 'มึง', 'มึง', 'มึง', 'มึง', 'มึง', 'มึง', 'มึง', 'เย็ด', 'เย็ด', 'เย็ด', 'เย็ด', 'เย็ด', 'เย็ด', 'เย็ด', 'เย็ด', 'เย็ด', 'เย็ด', 'เหี้ย', 'เหี้ย', 'เหี้ย', 'เหี้ย', 'เหี้ย', 'เหี้ย', 'เหี้ย', 'เหี้ย', 'เหี้ย', 'เหี้ย', 'เหี้ย']",0.0,False
C:\Users\muldi\Documents\Playground\University\senior-project-1\dataset\us\clear\ถ้าแกไม่ไป กูก็ไม่ไปเหมือนกัน.wav,0.0,1.431357,none,,,5,"['กู', 'มึง', 'มึง', 'เย็ด', 'เหี้ย']",0.0,False
C:\Users\muldi\Documents\Playground\University\senior-project-1\dataset\us\clear\ถ้าแกไม่ไป กูก็ไม่ไปเหมือนกัน.wav,1.595768,3.669565,none,,,5,"['มึง', 'มึง', 'มึง', 'เย็ด', 'เหี้ย']",0.0,False
