file_path,start_time,end_time,label
C:\Users\muldi\Documents\Playground\University\senior-project-1\dataset\internet\clear\Horror movie for WOKE!!!!!.wav,0.0,1.1,none
C:\Users\muldi\Documents\Playground\University\senior-project-1\dataset\internet\clear\Horror movie for WOKE!!!!!.wav,1.1,2.2,none
C:\Users\muldi\Documents\Playground\University\senior-project-1\dataset\internet\clear\Horror movie for WOKE!!!!!.wav,2.2,3.3,none
C:\Users\muldi\Documents\Playground\University\senior-project-1\dataset\internet\clear\Horror movie for WOKE!!!!!.wav,3.3,4.4,none
C:\Users\muldi\Documents\Playground\University\senior-project-1\dataset\internet\clear\Horror movie for WOKE!!!!!.wav,4.4,5.5,none
C:\Users\muldi\Documents\Playground\University\senior-project-1\dataset\internet\clear\Horror movie for WOKE!!!!!.wav,5.5,6.6,none
C:\Users\muldi\Documents\Playground\University\senior-project-1\dataset\internet\clear\Horror movie for WOKE!!!!!.wav,6.6,7.7,none
C:\Users\muldi\Documents\Playground\University\senior-project-1\dataset\internet\clear\Horror movie for WOKE!!!!!.wav,7.7,8.8,none
C:\Users\muldi\Documents\Playground\University\senior-project-1\dataset\internet\clear\Horror movie for WOKE!!!!!.wav,8.8,9.9,none
C:\Users\muldi\Documents\Playground\University\senior-project-1\dataset\internet\clear\Horror movie for WOKE!!!!!.wav,9.9,11.0,none
C:\Users\muldi\Documents\Playground\University\senior-project-1\dataset\internet\clear\Horror movie for WOKE!!!!!.wav,11.0,12.1,none
C:\Users\muldi\Documents\Playground\University\senior-project-1\dataset\internet\clear\Horror movie for WOKE!!!!!.wav,12.1,13.2,none
C:\Users\muldi\Documents\Playground\University\senior-project-1\dataset\internet\clear\Horror movie for WOKE!!!!!.wav,13.2,14.3,none
C:\Users\muldi\Documents\Playground\University\senior-project-1\dataset\internet\clear\Horror movie for WOKE!!!!!.wav,14.3,15.4,none
C:\Users\muldi\Documents\Playground\University\senior-project-1\dataset\internet\clear\Horror movie for WOKE!!!!!.wav,15.4,16.5,none
C:\Users\muldi\Documents\Playground\University\senior-project-1\dataset\internet\clear\Horror movie for WOKE!!!!!.wav,16.5,17.6,none
C:\Users\muldi\Documents\Playground\University\senior-project-1\dataset\internet\clear\Horror movie for WOKE!!!!!.wav,17.6,18.7,none
C:\Users\muldi\Documents\Playground\University\senior-project-1\dataset\internet\clear\Horror movie for WOKE!!!!!.wav,18.7,19.8,none
C:\Users\muldi\Documents\Playground\University\senior-project-1\dataset\internet\clear\Horror movie for WOKE!!!!!.wav,19.8,20.9,กู
C:\Users\muldi\Documents\Playground\University\senior-project-1\dataset\internet\clear\Horror movie for WOKE!!!!!.wav,20.9,22.0,none
C:\Users\muldi\Documents\Playground\University\senior-project-1\dataset\internet\clear\Horror movie for WOKE!!!!!.wav,22.0,23.1,มึง
C:\Users\muldi\Documents\Playground\University\senior-project-1\dataset\internet\clear\Horror movie for WOKE!!!!!.wav,23.1,24.2,กู
C:\Users\muldi\Documents\Playground\University\senior-project-1\dataset\internet\clear\Horror movie for WOKE!!!!!.wav,24.2,25.3,none
C:\Users\muldi\Documents\Playground\University\senior-project-1\dataset\internet\clear\Horror movie for WOKE!!!!!.wav,25.3,26.4,กู
C:\Users\muldi\Documents\Playground\University\senior-project-1\dataset\internet\clear\Horror movie for WOKE!!!!!.wav,26.4,27.5,none
C:\Users\muldi\Documents\Playground\University\senior-project-1\dataset\internet\clear\Horror movie for WOKE!!!!!.wav,27.5,28.6,none
C:\Users\muldi\Documents\Playground\University\senior-project-1\dataset\internet\clear\Horror movie for WOKE!!!!!.wav,28.6,29.7,none
C:\Users\muldi\Documents\Playground\University\senior-project-1\dataset\internet\clear\Horror movie for WOKE!!!!!.wav,29.7,30.8,none
C:\Users\muldi\Documents\Playground\University\senior-project-1\dataset\internet\clear\Horror movie for WOKE!!!!!.wav,30.8,31.9,none
C:\Users\muldi\Documents\Playground\University\senior-project-1\dataset\internet\clear\Horror movie for WOKE!!!!!.wav,31.9,33.0,none
C:\Users\muldi\Documents\Playground\University\senior-project-1\dataset\internet\clear\Horror movie for WOKE!!!!!.wav,33.0,34.1,เหี้ย
C:\Users\muldi\Documents\Playground\University\senior-project-1\dataset\internet\clear\Horror movie for WOKE!!!!!.wav,34.1,35.2,none
C:\Users\muldi\Documents\Playground\University\senior-project-1\dataset\internet\clear\Horror movie for WOKE!!!!!.wav,35.2,36.3,none
C:\Users\muldi\Documents\Playground\University\senior-project-1\dataset\internet\clear\Horror movie for WOKE!!!!!.wav,36.3,37.4,none
C:\Users\muldi\Documents\Playground\University\senior-project-1\dataset\internet\clear\Horror movie for WOKE!!!!!.wav,37.4,38.5,none
C:\Users\muldi\Documents\Playground\University\senior-project-1\dataset\internet\clear\Horror movie for WOKE!!!!!.wav,38.5,39.6,none
C:\Users\muldi\Documents\Playground\University\senior-project-1\dataset\internet\clear\Horror movie for WOKE!!!!!.wav,39.6,40.7,none
C:\Users\muldi\Documents\Playground\University\senior-project-1\dataset\internet\clear\Horror movie for WOKE!!!!!.wav,40.7,41.8,none
C:\Users\muldi\Documents\Playground\University\senior-project-1\dataset\internet\clear\Horror movie for WOKE!!!!!.wav,41.8,42.9,none
C:\Users\muldi\Documents\Playground\University\senior-project-1\dataset\internet\clear\Horror movie for WOKE!!!!!.wav,42.9,44.0,none
C:\Users\muldi\Documents\Playground\University\senior-project-1\dataset\internet\clear\Horror movie for WOKE!!!!!.wav,44.0,45.1,none
C:\Users\muldi\Documents\Playground\University\senior-project-1\dataset\internet\clear\Horror movie for WOKE!!!!!.wav,45.1,46.2,none
C:\Users\muldi\Documents\Playground\University\senior-project-1\dataset\internet\clear\Horror movie for WOKE!!!!!.wav,46.2,47.3,none
C:\Users\muldi\Documents\Playground\University\senior-project-1\dataset\internet\clear\Horror movie for WOKE!!!!!.wav,47.3,48.4,none
C:\Users\muldi\Documents\Playground\University\senior-project-1\dataset\internet\clear\Horror movie for WOKE!!!!!.wav,48.4,49.5,none
C:\Users\muldi\Documents\Playground\University\senior-project-1\dataset\internet\clear\Horror movie for WOKE!!!!!.wav,49.5,50.6,none
C:\Users\muldi\Documents\Playground\University\senior-project-1\dataset\internet\clear\Horror movie for WOKE!!!!!.wav,50.6,51.7,none
C:\Users\muldi\Documents\Playground\University\senior-project-1\dataset\internet\clear\Horror movie for WOKE!!!!!.wav,51.7,52.8,none
C:\Users\muldi\Documents\Playground\University\senior-project-1\dataset\internet\clear\Horror movie for WOKE!!!!!.wav,52.8,53.9,none
C:\Users\muldi\Documents\Playground\University\senior-project-1\dataset\internet\clear\Horror movie for WOKE!!!!!.wav,53.9,55.0,none
C:\Users\muldi\Documents\Playground\University\senior-project-1\dataset\internet\clear\Horror movie for WOKE!!!!!.wav,55.0,56.1,none
C:\Users\muldi\Documents\Playground\University\senior-project-1\dataset\internet\clear\Horror movie for WOKE!!!!!.wav,56.1,57.2,none
C:\Users\muldi\Documents\Playground\University\senior-project-1\dataset\internet\clear\Horror movie for WOKE!!!!!.wav,57.2,58.3,none
C:\Users\muldi\Documents\Playground\University\senior-project-1\dataset\internet\clear\Horror movie for WOKE!!!!!.wav,58.3,59.4,none
C:\Users\muldi\Documents\Playground\University\senior-project-1\dataset\internet\clear\Horror movie for WOKE!!!!!.wav,59.4,60.5,none
C:\Users\muldi\Documents\Playground\University\senior-project-1\dataset\internet\clear\Horror movie for WOKE!!!!!.wav,60.5,61.6,none
C:\Users\muldi\Documents\Playground\University\senior-project-1\dataset\internet\clear\Horror movie for WOKE!!!!!.wav,61.6,62.7,none
C:\Users\muldi\Documents\Playground\University\senior-project-1\dataset\internet\clear\Horror movie for WOKE!!!!!.wav,62.7,63.8,none
C:\Users\muldi\Documents\Playground\University\senior-project-1\dataset\internet\clear\Horror movie for WOKE!!!!!.wav,63.8,64.9,none
C:\Users\muldi\Documents\Playground\University\senior-project-1\dataset\internet\clear\Horror movie for WOKE!!!!!.wav,64.9,66.0,none
C:\Users\muldi\Documents\Playground\University\senior-project-1\dataset\internet\clear\Horror movie for WOKE!!!!!.wav,66.0,67.1,none
C:\Users\muldi\Documents\Playground\University\senior-project-1\dataset\internet\clear\Horror movie for WOKE!!!!!.wav,67.1,68.2,none
C:\Users\muldi\Documents\Playground\University\senior-project-1\dataset\internet\clear\Horror movie for WOKE!!!!!.wav,68.2,69.3,none
C:\Users\muldi\Documents\Playground\University\senior-project-1\dataset\internet\clear\Horror movie for WOKE!!!!!.wav,69.3,70.4,none
C:\Users\muldi\Documents\Playground\University\senior-project-1\dataset\internet\clear\Horror movie for WOKE!!!!!.wav,70.4,71.5,none
C:\Users\muldi\Documents\Playground\University\senior-project-1\dataset\internet\clear\Horror movie for WOKE!!!!!.wav,71.5,72.6,none
C:\Users\muldi\Documents\Playground\University\senior-project-1\dataset\internet\clear\Horror movie for WOKE!!!!!.wav,72.6,73.7,none
C:\Users\muldi\Documents\Playground\University\senior-project-1\dataset\internet\clear\Horror movie for WOKE!!!!!.wav,73.7,74.8,กู
C:\Users\muldi\Documents\Playground\University\senior-project-1\dataset\internet\clear\Horror movie for WOKE!!!!!.wav,74.8,75.9,none
C:\Users\muldi\Documents\Playground\University\senior-project-1\dataset\internet\clear\Horror movie for WOKE!!!!!.wav,75.9,77.0,none
C:\Users\muldi\Documents\Playground\University\senior-project-1\dataset\internet\clear\Horror movie for WOKE!!!!!.wav,77.0,78.1,none
C:\Users\muldi\Documents\Playground\University\senior-project-1\dataset\internet\clear\Horror movie for WOKE!!!!!.wav,78.1,79.2,none
C:\Users\muldi\Documents\Playground\University\senior-project-1\dataset\internet\clear\Horror movie for WOKE!!!!!.wav,79.2,80.3,none
C:\Users\muldi\Documents\Playground\University\senior-project-1\dataset\internet\clear\Horror movie for WOKE!!!!!.wav,80.3,81.4,เหี้ย
C:\Users\muldi\Documents\Playground\University\senior-project-1\dataset\internet\clear\Horror movie for WOKE!!!!!.wav,81.4,82.5,none
C:\Users\muldi\Documents\Playground\University\senior-project-1\dataset\internet\clear\Horror movie for WOKE!!!!!.wav,82.5,83.6,none
C:\Users\muldi\Documents\Playground\University\senior-project-1\dataset\internet\clear\Horror movie for WOKE!!!!!.wav,83.6,84.7,none
C:\Users\muldi\Documents\Playground\University\senior-project-1\dataset\internet\clear\Horror movie for WOKE!!!!!.wav,84.7,85.8,none
C:\Users\muldi\Documents\Playground\University\senior-project-1\dataset\internet\clear\Horror movie for WOKE!!!!!.wav,85.8,86.9,none
C:\Users\muldi\Documents\Playground\University\senior-project-1\dataset\internet\clear\Horror movie for WOKE!!!!!.wav,86.9,88.0,none
C:\Users\muldi\Documents\Playground\University\senior-project-1\dataset\internet\clear\Horror movie for WOKE!!!!!.wav,88.0,89.1,none
C:\Users\muldi\Documents\Playground\University\senior-project-1\dataset\internet\clear\Horror movie for WOKE!!!!!.wav,89.1,90.2,none
C:\Users\muldi\Documents\Playground\University\senior-project-1\dataset\internet\clear\Horror movie for WOKE!!!!!.wav,90.2,91.3,none
C:\Users\muldi\Documents\Playground\University\senior-project-1\dataset\internet\clear\Horror movie for WOKE!!!!!.wav,91.3,92.4,none
C:\Users\muldi\Documents\Playground\University\senior-project-1\dataset\internet\clear\Horror movie for WOKE!!!!!.wav,92.4,93.5,none
C:\Users\muldi\Documents\Playground\University\senior-project-1\dataset\internet\clear\Horror movie for WOKE!!!!!.wav,93.5,94.6,none
C:\Users\muldi\Documents\Playground\University\senior-project-1\dataset\internet\clear\Horror movie for WOKE!!!!!.wav,94.6,95.7,none
C:\Users\muldi\Documents\Playground\University\senior-project-1\dataset\internet\clear\Horror movie for WOKE!!!!!.wav,95.7,96.8,none
C:\Users\muldi\Documents\Playground\University\senior-project-1\dataset\internet\clear\Horror movie for WOKE!!!!!.wav,96.8,97.9,none
C:\Users\muldi\Documents\Playground\University\senior-project-1\dataset\internet\clear\Horror movie for WOKE!!!!!.wav,97.9,99.0,เหี้ย
C:\Users\muldi\Documents\Playground\University\senior-project-1\dataset\internet\clear\Horror movie for WOKE!!!!!.wav,99.0,100.1,กู
C:\Users\muldi\Documents\Playground\University\senior-project-1\dataset\internet\clear\Horror movie for WOKE!!!!!.wav,100.1,101.2,none
C:\Users\muldi\Documents\Playground\University\senior-project-1\dataset\internet\clear\Horror movie for WOKE!!!!!.wav,101.2,102.3,none
C:\Users\muldi\Documents\Playground\University\senior-project-1\dataset\internet\clear\Horror movie for WOKE!!!!!.wav,102.3,103.4,none
C:\Users\muldi\Documents\Playground\University\senior-project-1\dataset\internet\clear\Horror movie for WOKE!!!!!.wav,103.4,104.5,none
C:\Users\muldi\Documents\Playground\University\senior-project-1\dataset\internet\clear\Horror movie for WOKE!!!!!.wav,104.5,105.6,none
C:\Users\muldi\Documents\Playground\University\senior-project-1\dataset\internet\clear\Horror movie for WOKE!!!!!.wav,105.6,106.7,none
C:\Users\muldi\Documents\Playground\University\senior-project-1\dataset\internet\clear\Horror movie for WOKE!!!!!.wav,106.7,107.8,none
C:\Users\muldi\Documents\Playground\University\senior-project-1\dataset\internet\clear\Horror movie for WOKE!!!!!.wav,107.8,108.9,none
C:\Users\muldi\Documents\Playground\University\senior-project-1\dataset\internet\clear\Horror movie for WOKE!!!!!.wav,108.9,110.0,none
C:\Users\muldi\Documents\Playground\University\senior-project-1\dataset\internet\clear\Horror movie for WOKE!!!!!.wav,110.0,111.1,none
C:\Users\muldi\Documents\Playground\University\senior-project-1\dataset\internet\clear\Horror movie for WOKE!!!!!.wav,111.1,112.2,เหี้ย
C:\Users\muldi\Documents\Playground\University\senior-project-1\dataset\internet\clear\Horror movie for WOKE!!!!!.wav,112.2,113.3,none
C:\Users\muldi\Documents\Playground\University\senior-project-1\dataset\internet\clear\Horror movie for WOKE!!!!!.wav,113.3,114.4,none
C:\Users\muldi\Documents\Playground\University\senior-project-1\dataset\internet\clear\Horror movie for WOKE!!!!!.wav,114.4,115.5,none
C:\Users\muldi\Documents\Playground\University\senior-project-1\dataset\internet\clear\Horror movie for WOKE!!!!!.wav,115.5,116.6,none
C:\Users\muldi\Documents\Playground\University\senior-project-1\dataset\internet\clear\Horror movie for WOKE!!!!!.wav,116.6,117.7,none
C:\Users\muldi\Documents\Playground\University\senior-project-1\dataset\internet\clear\Horror movie for WOKE!!!!!.wav,117.7,118.8,none
C:\Users\muldi\Documents\Playground\University\senior-project-1\dataset\internet\clear\Horror movie for WOKE!!!!!.wav,118.8,119.9,none
C:\Users\muldi\Documents\Playground\University\senior-project-1\dataset\internet\clear\Horror movie for WOKE!!!!!.wav,119.9,121.0,none
C:\Users\muldi\Documents\Playground\University\senior-project-1\dataset\internet\clear\Horror movie for WOKE!!!!!.wav,121.0,122.1,none
C:\Users\muldi\Documents\Playground\University\senior-project-1\dataset\internet\clear\Horror movie for WOKE!!!!!.wav,122.1,123.2,none
C:\Users\muldi\Documents\Playground\University\senior-project-1\dataset\internet\clear\Horror movie for WOKE!!!!!.wav,123.2,124.3,none
C:\Users\muldi\Documents\Playground\University\senior-project-1\dataset\internet\clear\Horror movie for WOKE!!!!!.wav,124.3,125.4,none
C:\Users\muldi\Documents\Playground\University\senior-project-1\dataset\internet\clear\Horror movie for WOKE!!!!!.wav,125.4,126.5,none
C:\Users\muldi\Documents\Playground\University\senior-project-1\dataset\internet\clear\Horror movie for WOKE!!!!!.wav,126.5,127.6,none
C:\Users\muldi\Documents\Playground\University\senior-project-1\dataset\internet\clear\Horror movie for WOKE!!!!!.wav,127.6,128.7,none
C:\Users\muldi\Documents\Playground\University\senior-project-1\dataset\internet\clear\Horror movie for WOKE!!!!!.wav,128.7,129.8,none
C:\Users\muldi\Documents\Playground\University\senior-project-1\dataset\internet\clear\Horror movie for WOKE!!!!!.wav,129.8,130.9,none
C:\Users\muldi\Documents\Playground\University\senior-project-1\dataset\internet\clear\Horror movie for WOKE!!!!!.wav,130.9,132.0,none
C:\Users\muldi\Documents\Playground\University\senior-project-1\dataset\internet\clear\Horror movie for WOKE!!!!!.wav,132.0,133.1,none
C:\Users\muldi\Documents\Playground\University\senior-project-1\dataset\internet\clear\Horror movie for WOKE!!!!!.wav,133.1,134.2,none
C:\Users\muldi\Documents\Playground\University\senior-project-1\dataset\internet\clear\Horror movie for WOKE!!!!!.wav,134.2,135.3,none
C:\Users\muldi\Documents\Playground\University\senior-project-1\dataset\internet\clear\Horror movie for WOKE!!!!!.wav,135.3,136.4,none
C:\Users\muldi\Documents\Playground\University\senior-project-1\dataset\internet\clear\Horror movie for WOKE!!!!!.wav,136.4,137.5,none
C:\Users\muldi\Documents\Playground\University\senior-project-1\dataset\internet\clear\Horror movie for WOKE!!!!!.wav,137.5,138.6,none
C:\Users\muldi\Documents\Playground\University\senior-project-1\dataset\internet\clear\Horror movie for WOKE!!!!!.wav,138.6,139.7,none
C:\Users\muldi\Documents\Playground\University\senior-project-1\dataset\internet\clear\Horror movie for WOKE!!!!!.wav,139.7,140.8,none
C:\Users\muldi\Documents\Playground\University\senior-project-1\dataset\internet\clear\Horror movie for WOKE!!!!!.wav,140.8,141.9,none
C:\Users\muldi\Documents\Playground\University\senior-project-1\dataset\internet\clear\Horror movie for WOKE!!!!!.wav,141.9,143.0,none
C:\Users\muldi\Documents\Playground\University\senior-project-1\dataset\internet\clear\Horror movie for WOKE!!!!!.wav,143.0,144.1,none
C:\Users\muldi\Documents\Playground\University\senior-project-1\dataset\internet\clear\Horror movie for WOKE!!!!!.wav,144.1,145.2,none
C:\Users\muldi\Documents\Playground\University\senior-project-1\dataset\internet\clear\Horror movie for WOKE!!!!!.wav,145.2,146.3,none
C:\Users\muldi\Documents\Playground\University\senior-project-1\dataset\internet\clear\Horror movie for WOKE!!!!!.wav,146.3,147.4,none
C:\Users\muldi\Documents\Playground\University\senior-project-1\dataset\internet\clear\Horror movie for WOKE!!!!!.wav,147.4,148.5,none
C:\Users\muldi\Documents\Playground\University\senior-project-1\dataset\internet\clear\Horror movie for WOKE!!!!!.wav,148.5,149.6,none
C:\Users\muldi\Documents\Playground\University\senior-project-1\dataset\internet\clear\Horror movie for WOKE!!!!!.wav,149.6,150.7,none
C:\Users\muldi\Documents\Playground\University\senior-project-1\dataset\internet\clear\Horror movie for WOKE!!!!!.wav,150.7,151.8,กู
C:\Users\muldi\Documents\Playground\University\senior-project-1\dataset\internet\clear\Horror movie for WOKE!!!!!.wav,151.8,152.9,เย็ด
C:\Users\muldi\Documents\Playground\University\senior-project-1\dataset\internet\clear\Horror movie for WOKE!!!!!.wav,152.9,154.0,none
C:\Users\muldi\Documents\Playground\University\senior-project-1\dataset\internet\clear\Horror movie for WOKE!!!!!.wav,154.0,155.1,none
C:\Users\muldi\Documents\Playground\University\senior-project-1\dataset\internet\clear\Horror movie for WOKE!!!!!.wav,155.1,156.2,none
C:\Users\muldi\Documents\Playground\University\senior-project-1\dataset\internet\clear\Horror movie for WOKE!!!!!.wav,156.2,157.3,none
C:\Users\muldi\Documents\Playground\University\senior-project-1\dataset\internet\clear\Horror movie for WOKE!!!!!.wav,157.3,158.4,none
C:\Users\muldi\Documents\Playground\University\senior-project-1\dataset\internet\clear\Horror movie for WOKE!!!!!.wav,158.4,159.5,none
C:\Users\muldi\Documents\Playground\University\senior-project-1\dataset\internet\clear\Horror movie for WOKE!!!!!.wav,159.5,160.6,none
C:\Users\muldi\Documents\Playground\University\senior-project-1\dataset\internet\clear\Horror movie for WOKE!!!!!.wav,160.6,161.7,none
C:\Users\muldi\Documents\Playground\University\senior-project-1\dataset\internet\clear\Horror movie for WOKE!!!!!.wav,161.7,162.8,none
C:\Users\muldi\Documents\Playground\University\senior-project-1\dataset\internet\clear\Horror movie for WOKE!!!!!.wav,162.8,163.9,มึง
C:\Users\muldi\Documents\Playground\University\senior-project-1\dataset\internet\clear\Horror movie for WOKE!!!!!.wav,163.9,165.0,none
C:\Users\muldi\Documents\Playground\University\senior-project-1\dataset\internet\clear\Horror movie for WOKE!!!!!.wav,165.0,166.1,none
C:\Users\muldi\Documents\Playground\University\senior-project-1\dataset\internet\clear\Horror movie for WOKE!!!!!.wav,166.1,167.2,none
C:\Users\muldi\Documents\Playground\University\senior-project-1\dataset\internet\clear\Horror movie for WOKE!!!!!.wav,167.2,168.3,none
C:\Users\muldi\Documents\Playground\University\senior-project-1\dataset\internet\clear\Horror movie for WOKE!!!!!.wav,168.3,169.4,none
C:\Users\muldi\Documents\Playground\University\senior-project-1\dataset\internet\clear\Horror movie for WOKE!!!!!.wav,169.4,170.5,none
C:\Users\muldi\Documents\Playground\University\senior-project-1\dataset\internet\clear\Horror movie for WOKE!!!!!.wav,170.5,171.6,none
C:\Users\muldi\Documents\Playground\University\senior-project-1\dataset\internet\clear\Horror movie for WOKE!!!!!.wav,171.6,172.7,none
C:\Users\muldi\Documents\Playground\University\senior-project-1\dataset\internet\clear\Horror movie for WOKE!!!!!.wav,172.7,173.8,none
C:\Users\muldi\Documents\Playground\University\senior-project-1\dataset\internet\clear\Horror movie for WOKE!!!!!.wav,173.8,174.9,none
C:\Users\muldi\Documents\Playground\University\senior-project-1\dataset\internet\clear\Horror movie for WOKE!!!!!.wav,174.9,176.0,none
C:\Users\muldi\Documents\Playground\University\senior-project-1\dataset\internet\clear\Horror movie for WOKE!!!!!.wav,176.0,177.1,none
C:\Users\muldi\Documents\Playground\University\senior-project-1\dataset\internet\clear\Horror movie for WOKE!!!!!.wav,177.1,178.2,none
C:\Users\muldi\Documents\Playground\University\senior-project-1\dataset\internet\clear\Horror movie for WOKE!!!!!.wav,178.2,179.3,none
C:\Users\muldi\Documents\Playground\University\senior-project-1\dataset\internet\clear\Horror movie for WOKE!!!!!.wav,179.3,180.4,none
C:\Users\muldi\Documents\Playground\University\senior-project-1\dataset\internet\clear\Horror movie for WOKE!!!!!.wav,180.4,181.5,none
C:\Users\muldi\Documents\Playground\University\senior-project-1\dataset\internet\clear\Horror movie for WOKE!!!!!.wav,181.5,182.6,none
C:\Users\muldi\Documents\Playground\University\senior-project-1\dataset\internet\clear\Horror movie for WOKE!!!!!.wav,182.6,183.7,none
C:\Users\muldi\Documents\Playground\University\senior-project-1\dataset\internet\clear\Horror movie for WOKE!!!!!.wav,183.7,184.8,none
C:\Users\muldi\Documents\Playground\University\senior-project-1\dataset\internet\clear\Horror movie for WOKE!!!!!.wav,184.8,185.9,เหี้ย
C:\Users\muldi\Documents\Playground\University\senior-project-1\dataset\internet\clear\Horror movie for WOKE!!!!!.wav,185.9,187.0,none
C:\Users\muldi\Documents\Playground\University\senior-project-1\dataset\internet\clear\Horror movie for WOKE!!!!!.wav,187.0,188.1,none
C:\Users\muldi\Documents\Playground\University\senior-project-1\dataset\internet\clear\Horror movie for WOKE!!!!!.wav,188.1,189.2,none
C:\Users\muldi\Documents\Playground\University\senior-project-1\dataset\internet\clear\Horror movie for WOKE!!!!!.wav,189.2,190.3,none
C:\Users\muldi\Documents\Playground\University\senior-project-1\dataset\internet\clear\Horror movie for WOKE!!!!!.wav,190.3,191.4,none
C:\Users\muldi\Documents\Playground\University\senior-project-1\dataset\internet\clear\Horror movie for WOKE!!!!!.wav,191.4,192.5,none
C:\Users\muldi\Documents\Playground\University\senior-project-1\dataset\internet\clear\Horror movie for WOKE!!!!!.wav,192.5,193.6,none
C:\Users\muldi\Documents\Playground\University\senior-project-1\dataset\internet\clear\Horror movie for WOKE!!!!!.wav,193.6,194.7,none
C:\Users\muldi\Documents\Playground\University\senior-project-1\dataset\internet\clear\Horror movie for WOKE!!!!!.wav,194.7,195.8,none
C:\Users\muldi\Documents\Playground\University\senior-project-1\dataset\internet\clear\Horror movie for WOKE!!!!!.wav,195.8,196.9,none
C:\Users\muldi\Documents\Playground\University\senior-project-1\dataset\internet\clear\Horror movie for WOKE!!!!!.wav,196.9,198.0,none
C:\Users\muldi\Documents\Playground\University\senior-project-1\dataset\internet\clear\Horror movie for WOKE!!!!!.wav,198.0,199.1,none
C:\Users\muldi\Documents\Playground\University\senior-project-1\dataset\internet\clear\Horror movie for WOKE!!!!!.wav,199.1,200.2,none
C:\Users\muldi\Documents\Playground\University\senior-project-1\dataset\internet\clear\Horror movie for WOKE!!!!!.wav,200.2,201.3,none
C:\Users\muldi\Documents\Playground\University\senior-project-1\dataset\internet\clear\Horror movie for WOKE!!!!!.wav,201.3,202.4,none
C:\Users\muldi\Documents\Playground\University\senior-project-1\dataset\internet\clear\Horror movie for WOKE!!!!!.wav,202.4,203.5,none
C:\Users\muldi\Documents\Playground\University\senior-project-1\dataset\internet\clear\Horror movie for WOKE!!!!!.wav,203.5,204.6,none
C:\Users\muldi\Documents\Playground\University\senior-project-1\dataset\internet\clear\Horror movie for WOKE!!!!!.wav,204.6,205.7,none
C:\Users\muldi\Documents\Playground\University\senior-project-1\dataset\internet\clear\Horror movie for WOKE!!!!!.wav,205.7,206.8,none
C:\Users\muldi\Documents\Playground\University\senior-project-1\dataset\internet\clear\Horror movie for WOKE!!!!!.wav,206.8,207.9,none
C:\Users\muldi\Documents\Playground\University\senior-project-1\dataset\internet\clear\Horror movie for WOKE!!!!!.wav,207.9,209.0,none
C:\Users\muldi\Documents\Playground\University\senior-project-1\dataset\internet\clear\Horror movie for WOKE!!!!!.wav,209.0,210.1,none
C:\Users\muldi\Documents\Playground\University\senior-project-1\dataset\internet\clear\Horror movie for WOKE!!!!!.wav,210.1,211.2,none
C:\Users\muldi\Documents\Playground\University\senior-project-1\dataset\internet\clear\Horror movie for WOKE!!!!!.wav,211.2,212.3,none
C:\Users\muldi\Documents\Playground\University\senior-project-1\dataset\internet\clear\Horror movie for WOKE!!!!!.wav,212.3,213.4,none
C:\Users\muldi\Documents\Playground\University\senior-project-1\dataset\internet\clear\Horror movie for WOKE!!!!!.wav,213.4,214.5,none
C:\Users\muldi\Documents\Playground\University\senior-project-1\dataset\internet\clear\Horror movie for WOKE!!!!!.wav,214.5,215.6,none
C:\Users\muldi\Documents\Playground\University\senior-project-1\dataset\internet\clear\Horror movie for WOKE!!!!!.wav,215.6,216.7,none
C:\Users\muldi\Documents\Playground\University\senior-project-1\dataset\internet\clear\Horror movie for WOKE!!!!!.wav,216.7,217.8,none
C:\Users\muldi\Documents\Playground\University\senior-project-1\dataset\internet\clear\Horror movie for WOKE!!!!!.wav,217.8,218.9,none
C:\Users\muldi\Documents\Playground\University\senior-project-1\dataset\internet\clear\Horror movie for WOKE!!!!!.wav,218.9,220.0,none
C:\Users\muldi\Documents\Playground\University\senior-project-1\dataset\internet\clear\Horror movie for WOKE!!!!!.wav,220.0,221.1,none
C:\Users\muldi\Documents\Playground\University\senior-project-1\dataset\internet\clear\Horror movie for WOKE!!!!!.wav,221.1,222.2,none
C:\Users\muldi\Documents\Playground\University\senior-project-1\dataset\internet\clear\Horror movie for WOKE!!!!!.wav,222.2,223.3,none
C:\Users\muldi\Documents\Playground\University\senior-project-1\dataset\internet\clear\Horror movie for WOKE!!!!!.wav,223.3,224.4,none
C:\Users\muldi\Documents\Playground\University\senior-project-1\dataset\internet\clear\Horror movie for WOKE!!!!!.wav,224.4,225.5,none
C:\Users\muldi\Documents\Playground\University\senior-project-1\dataset\internet\clear\Horror movie for WOKE!!!!!.wav,225.5,226.6,none
C:\Users\muldi\Documents\Playground\University\senior-project-1\dataset\internet\clear\Horror movie for WOKE!!!!!.wav,226.6,227.7,none
C:\Users\muldi\Documents\Playground\University\senior-project-1\dataset\internet\clear\Horror movie for WOKE!!!!!.wav,227.7,228.8,none
C:\Users\muldi\Documents\Playground\University\senior-project-1\dataset\internet\clear\Horror movie for WOKE!!!!!.wav,228.8,229.9,none
C:\Users\muldi\Documents\Playground\University\senior-project-1\dataset\internet\clear\Horror movie for WOKE!!!!!.wav,229.9,231.0,none
C:\Users\muldi\Documents\Playground\University\senior-project-1\dataset\internet\clear\Horror movie for WOKE!!!!!.wav,231.0,232.1,none
C:\Users\muldi\Documents\Playground\University\senior-project-1\dataset\internet\clear\Horror movie for WOKE!!!!!.wav,232.1,233.2,none
C:\Users\muldi\Documents\Playground\University\senior-project-1\dataset\internet\clear\Horror movie for WOKE!!!!!.wav,233.2,234.3,เหี้ย
C:\Users\muldi\Documents\Playground\University\senior-project-1\dataset\internet\clear\Horror movie for WOKE!!!!!.wav,234.3,235.4,none
C:\Users\muldi\Documents\Playground\University\senior-project-1\dataset\internet\clear\Horror movie for WOKE!!!!!.wav,235.4,236.5,none
C:\Users\muldi\Documents\Playground\University\senior-project-1\dataset\internet\clear\Horror movie for WOKE!!!!!.wav,236.5,237.6,none
C:\Users\muldi\Documents\Playground\University\senior-project-1\dataset\internet\clear\Horror movie for WOKE!!!!!.wav,237.6,238.7,none
C:\Users\muldi\Documents\Playground\University\senior-project-1\dataset\internet\clear\Horror movie for WOKE!!!!!.wav,238.7,239.8,none
C:\Users\muldi\Documents\Playground\University\senior-project-1\dataset\internet\clear\Horror movie for WOKE!!!!!.wav,239.8,240.9,none
C:\Users\muldi\Documents\Playground\University\senior-project-1\dataset\internet\clear\Horror movie for WOKE!!!!!.wav,240.9,242.0,none
C:\Users\muldi\Documents\Playground\University\senior-project-1\dataset\internet\clear\Horror movie for WOKE!!!!!.wav,242.0,243.1,none
C:\Users\muldi\Documents\Playground\University\senior-project-1\dataset\internet\clear\Horror movie for WOKE!!!!!.wav,243.1,244.2,none
C:\Users\muldi\Documents\Playground\University\senior-project-1\dataset\internet\clear\Horror movie for WOKE!!!!!.wav,244.2,245.3,none
C:\Users\muldi\Documents\Playground\University\senior-project-1\dataset\internet\clear\Horror movie for WOKE!!!!!.wav,245.3,246.4,none
C:\Users\muldi\Documents\Playground\University\senior-project-1\dataset\internet\clear\Horror movie for WOKE!!!!!.wav,246.4,247.5,none
C:\Users\muldi\Documents\Playground\University\senior-project-1\dataset\internet\clear\Horror movie for WOKE!!!!!.wav,247.5,248.6,none
C:\Users\muldi\Documents\Playground\University\senior-project-1\dataset\internet\clear\Horror movie for WOKE!!!!!.wav,248.6,249.7,none
C:\Users\muldi\Documents\Playground\University\senior-project-1\dataset\internet\clear\Horror movie for WOKE!!!!!.wav,249.7,250.8,เหี้ย
C:\Users\muldi\Documents\Playground\University\senior-project-1\dataset\internet\clear\Horror movie for WOKE!!!!!.wav,250.8,251.9,เหี้ย
C:\Users\muldi\Documents\Playground\University\senior-project-1\dataset\internet\clear\Horror movie for WOKE!!!!!.wav,251.9,253.0,none
C:\Users\muldi\Documents\Playground\University\senior-project-1\dataset\internet\clear\Horror movie for WOKE!!!!!.wav,253.0,254.1,none
C:\Users\muldi\Documents\Playground\University\senior-project-1\dataset\internet\clear\Horror movie for WOKE!!!!!.wav,254.1,255.2,none
C:\Users\muldi\Documents\Playground\University\senior-project-1\dataset\internet\clear\Horror movie for WOKE!!!!!.wav,255.2,256.3,none
C:\Users\muldi\Documents\Playground\University\senior-project-1\dataset\internet\clear\Horror movie for WOKE!!!!!.wav,256.3,257.4,none
C:\Users\muldi\Documents\Playground\University\senior-project-1\dataset\internet\clear\Horror movie for WOKE!!!!!.wav,257.4,258.5,none
C:\Users\muldi\Documents\Playground\University\senior-project-1\dataset\internet\clear\Horror movie for WOKE!!!!!.wav,258.5,259.6,none
C:\Users\muldi\Documents\Playground\University\senior-project-1\dataset\internet\clear\Horror movie for WOKE!!!!!.wav,259.6,260.7,none
C:\Users\muldi\Documents\Playground\University\senior-project-1\dataset\internet\clear\Horror movie for WOKE!!!!!.wav,260.7,261.8,none
C:\Users\muldi\Documents\Playground\University\senior-project-1\dataset\internet\clear\Horror movie for WOKE!!!!!.wav,261.8,262.9,none
C:\Users\muldi\Documents\Playground\University\senior-project-1\dataset\internet\clear\Horror movie for WOKE!!!!!.wav,262.9,264.0,none
C:\Users\muldi\Documents\Playground\University\senior-project-1\dataset\internet\clear\Horror movie for WOKE!!!!!.wav,264.0,265.1,none
C:\Users\muldi\Documents\Playground\University\senior-project-1\dataset\internet\clear\Horror movie for WOKE!!!!!.wav,265.1,266.2,none
C:\Users\muldi\Documents\Playground\University\senior-project-1\dataset\internet\clear\Horror movie for WOKE!!!!!.wav,266.2,267.3,none
C:\Users\muldi\Documents\Playground\University\senior-project-1\dataset\internet\clear\Horror movie for WOKE!!!!!.wav,267.3,268.4,none
C:\Users\muldi\Documents\Playground\University\senior-project-1\dataset\internet\clear\Horror movie for WOKE!!!!!.wav,268.4,269.5,none
C:\Users\muldi\Documents\Playground\University\senior-project-1\dataset\internet\clear\Horror movie for WOKE!!!!!.wav,269.5,270.6,none
C:\Users\muldi\Documents\Playground\University\senior-project-1\dataset\internet\clear\Horror movie for WOKE!!!!!.wav,270.6,271.7,none
C:\Users\muldi\Documents\Playground\University\senior-project-1\dataset\internet\clear\Horror movie for WOKE!!!!!.wav,271.7,272.8,none
C:\Users\muldi\Documents\Playground\University\senior-project-1\dataset\internet\clear\Horror movie for WOKE!!!!!.wav,272.8,273.9,none
C:\Users\muldi\Documents\Playground\University\senior-project-1\dataset\internet\clear\Horror movie for WOKE!!!!!.wav,273.9,275.0,none
C:\Users\muldi\Documents\Playground\University\senior-project-1\dataset\internet\clear\Horror movie for WOKE!!!!!.wav,275.0,276.1,none
C:\Users\muldi\Documents\Playground\University\senior-project-1\dataset\internet\clear\Horror movie for WOKE!!!!!.wav,276.1,277.2,none
C:\Users\muldi\Documents\Playground\University\senior-project-1\dataset\internet\clear\Horror movie for WOKE!!!!!.wav,277.2,278.3,none
C:\Users\muldi\Documents\Playground\University\senior-project-1\dataset\internet\clear\Horror movie for WOKE!!!!!.wav,278.3,279.4,none
C:\Users\muldi\Documents\Playground\University\senior-project-1\dataset\internet\clear\Horror movie for WOKE!!!!!.wav,279.4,280.5,none
C:\Users\muldi\Documents\Playground\University\senior-project-1\dataset\internet\clear\Horror movie for WOKE!!!!!.wav,280.5,281.6,none
C:\Users\muldi\Documents\Playground\University\senior-project-1\dataset\internet\clear\Horror movie for WOKE!!!!!.wav,281.6,282.7,none
C:\Users\muldi\Documents\Playground\University\senior-project-1\dataset\internet\clear\Horror movie for WOKE!!!!!.wav,282.7,283.8,none
C:\Users\muldi\Documents\Playground\University\senior-project-1\dataset\internet\clear\Horror movie for WOKE!!!!!.wav,283.8,284.9,none
C:\Users\muldi\Documents\Playground\University\senior-project-1\dataset\internet\clear\Horror movie for WOKE!!!!!.wav,284.9,286.0,none
C:\Users\muldi\Documents\Playground\University\senior-project-1\dataset\internet\clear\Horror movie for WOKE!!!!!.wav,286.0,287.1,none
C:\Users\muldi\Documents\Playground\University\senior-project-1\dataset\internet\clear\Horror movie for WOKE!!!!!.wav,287.1,288.2,none
C:\Users\muldi\Documents\Playground\University\senior-project-1\dataset\internet\clear\Horror movie for WOKE!!!!!.wav,288.2,289.3,none
C:\Users\muldi\Documents\Playground\University\senior-project-1\dataset\internet\clear\Horror movie for WOKE!!!!!.wav,289.3,290.4,none
C:\Users\muldi\Documents\Playground\University\senior-project-1\dataset\internet\clear\Horror movie for WOKE!!!!!.wav,290.4,291.5,none
C:\Users\muldi\Documents\Playground\University\senior-project-1\dataset\internet\clear\Horror movie for WOKE!!!!!.wav,291.5,292.6,none
C:\Users\muldi\Documents\Playground\University\senior-project-1\dataset\internet\clear\Horror movie for WOKE!!!!!.wav,292.6,293.7,none
C:\Users\muldi\Documents\Playground\University\senior-project-1\dataset\internet\clear\Horror movie for WOKE!!!!!.wav,293.7,294.8,none
C:\Users\muldi\Documents\Playground\University\senior-project-1\dataset\internet\clear\Horror movie for WOKE!!!!!.wav,294.8,295.9,none
C:\Users\muldi\Documents\Playground\University\senior-project-1\dataset\internet\clear\Horror movie for WOKE!!!!!.wav,295.9,297.0,none
C:\Users\muldi\Documents\Playground\University\senior-project-1\dataset\internet\clear\Horror movie for WOKE!!!!!.wav,297.0,298.1,none
C:\Users\muldi\Documents\Playground\University\senior-project-1\dataset\internet\clear\Horror movie for WOKE!!!!!.wav,298.1,299.2,none
C:\Users\muldi\Documents\Playground\University\senior-project-1\dataset\internet\clear\Horror movie for WOKE!!!!!.wav,299.2,300.3,none
C:\Users\muldi\Documents\Playground\University\senior-project-1\dataset\internet\clear\Horror movie for WOKE!!!!!.wav,300.3,301.4,none
C:\Users\muldi\Documents\Playground\University\senior-project-1\dataset\internet\clear\Horror movie for WOKE!!!!!.wav,301.4,302.5,none
C:\Users\muldi\Documents\Playground\University\senior-project-1\dataset\internet\clear\Horror movie for WOKE!!!!!.wav,302.5,303.6,none
C:\Users\muldi\Documents\Playground\University\senior-project-1\dataset\internet\clear\Horror movie for WOKE!!!!!.wav,303.6,304.7,none
C:\Users\muldi\Documents\Playground\University\senior-project-1\dataset\internet\clear\Horror movie for WOKE!!!!!.wav,304.7,305.8,none
C:\Users\muldi\Documents\Playground\University\senior-project-1\dataset\internet\clear\Horror movie for WOKE!!!!!.wav,305.8,306.9,none
C:\Users\muldi\Documents\Playground\University\senior-project-1\dataset\internet\clear\Horror movie for WOKE!!!!!.wav,306.9,308.0,none
C:\Users\muldi\Documents\Playground\University\senior-project-1\dataset\internet\clear\Horror movie for WOKE!!!!!.wav,308.0,309.1,none
C:\Users\muldi\Documents\Playground\University\senior-project-1\dataset\internet\clear\Horror movie for WOKE!!!!!.wav,309.1,310.2,none
C:\Users\muldi\Documents\Playground\University\senior-project-1\dataset\internet\clear\Horror movie for WOKE!!!!!.wav,310.2,311.3,none
C:\Users\muldi\Documents\Playground\University\senior-project-1\dataset\internet\clear\Horror movie for WOKE!!!!!.wav,311.3,312.4,none
C:\Users\muldi\Documents\Playground\University\senior-project-1\dataset\internet\clear\Horror movie for WOKE!!!!!.wav,312.4,313.5,none
C:\Users\muldi\Documents\Playground\University\senior-project-1\dataset\internet\clear\Horror movie for WOKE!!!!!.wav,313.5,314.6,none
C:\Users\muldi\Documents\Playground\University\senior-project-1\dataset\internet\clear\Horror movie for WOKE!!!!!.wav,314.6,315.7,none
C:\Users\muldi\Documents\Playground\University\senior-project-1\dataset\internet\clear\Horror movie for WOKE!!!!!.wav,315.7,316.8,none
C:\Users\muldi\Documents\Playground\University\senior-project-1\dataset\internet\clear\Horror movie for WOKE!!!!!.wav,316.8,317.9,none
C:\Users\muldi\Documents\Playground\University\senior-project-1\dataset\internet\clear\Horror movie for WOKE!!!!!.wav,317.9,319.0,none
C:\Users\muldi\Documents\Playground\University\senior-project-1\dataset\internet\clear\Horror movie for WOKE!!!!!.wav,319.0,320.1,none
C:\Users\muldi\Documents\Playground\University\senior-project-1\dataset\internet\clear\Horror movie for WOKE!!!!!.wav,320.1,321.2,none
C:\Users\muldi\Documents\Playground\University\senior-project-1\dataset\internet\clear\Horror movie for WOKE!!!!!.wav,321.2,322.3,none
C:\Users\muldi\Documents\Playground\University\senior-project-1\dataset\internet\clear\Horror movie for WOKE!!!!!.wav,322.3,323.4,none
C:\Users\muldi\Documents\Playground\University\senior-project-1\dataset\internet\clear\Horror movie for WOKE!!!!!.wav,323.4,324.5,none
C:\Users\muldi\Documents\Playground\University\senior-project-1\dataset\internet\clear\Horror movie for WOKE!!!!!.wav,324.5,325.6,none
C:\Users\muldi\Documents\Playground\University\senior-project-1\dataset\internet\clear\Horror movie for WOKE!!!!!.wav,325.6,326.7,none
C:\Users\muldi\Documents\Playground\University\senior-project-1\dataset\internet\clear\Horror movie for WOKE!!!!!.wav,326.7,327.8,none
C:\Users\muldi\Documents\Playground\University\senior-project-1\dataset\internet\clear\Horror movie for WOKE!!!!!.wav,327.8,328.9,none
C:\Users\muldi\Documents\Playground\University\senior-project-1\dataset\internet\clear\Horror movie for WOKE!!!!!.wav,328.9,330.0,none
C:\Users\muldi\Documents\Playground\University\senior-project-1\dataset\internet\clear\Horror movie for WOKE!!!!!.wav,330.0,331.1,none
C:\Users\muldi\Documents\Playground\University\senior-project-1\dataset\internet\clear\Horror movie for WOKE!!!!!.wav,331.1,332.2,none
C:\Users\muldi\Documents\Playground\University\senior-project-1\dataset\internet\clear\Horror movie for WOKE!!!!!.wav,332.2,333.3,none
C:\Users\muldi\Documents\Playground\University\senior-project-1\dataset\internet\clear\Horror movie for WOKE!!!!!.wav,333.3,334.4,none
C:\Users\muldi\Documents\Playground\University\senior-project-1\dataset\internet\clear\Horror movie for WOKE!!!!!.wav,334.4,335.5,none
C:\Users\muldi\Documents\Playground\University\senior-project-1\dataset\internet\clear\Horror movie for WOKE!!!!!.wav,335.5,336.6,none
C:\Users\muldi\Documents\Playground\University\senior-project-1\dataset\internet\clear\Horror movie for WOKE!!!!!.wav,336.6,337.7,none
C:\Users\muldi\Documents\Playground\University\senior-project-1\dataset\internet\clear\Horror movie for WOKE!!!!!.wav,337.7,338.8,none
C:\Users\muldi\Documents\Playground\University\senior-project-1\dataset\internet\clear\Horror movie for WOKE!!!!!.wav,338.8,339.9,none
C:\Users\muldi\Documents\Playground\University\senior-project-1\dataset\internet\clear\Horror movie for WOKE!!!!!.wav,339.9,341.0,none
C:\Users\muldi\Documents\Playground\University\senior-project-1\dataset\internet\clear\Horror movie for WOKE!!!!!.wav,341.0,342.1,none
C:\Users\muldi\Documents\Playground\University\senior-project-1\dataset\internet\clear\Horror movie for WOKE!!!!!.wav,342.1,343.2,none
C:\Users\muldi\Documents\Playground\University\senior-project-1\dataset\internet\clear\Horror movie for WOKE!!!!!.wav,343.2,344.3,none
C:\Users\muldi\Documents\Playground\University\senior-project-1\dataset\internet\clear\Horror movie for WOKE!!!!!.wav,344.3,345.4,none
C:\Users\muldi\Documents\Playground\University\senior-project-1\dataset\internet\clear\Horror movie for WOKE!!!!!.wav,345.4,346.5,none
C:\Users\muldi\Documents\Playground\University\senior-project-1\dataset\internet\clear\Horror movie for WOKE!!!!!.wav,346.5,347.6,none
C:\Users\muldi\Documents\Playground\University\senior-project-1\dataset\internet\clear\Horror movie for WOKE!!!!!.wav,347.6,348.7,none
C:\Users\muldi\Documents\Playground\University\senior-project-1\dataset\internet\clear\Horror movie for WOKE!!!!!.wav,348.7,349.8,none
C:\Users\muldi\Documents\Playground\University\senior-project-1\dataset\internet\clear\Horror movie for WOKE!!!!!.wav,349.8,350.9,none
C:\Users\muldi\Documents\Playground\University\senior-project-1\dataset\internet\clear\Horror movie for WOKE!!!!!.wav,350.9,352.0,none
C:\Users\muldi\Documents\Playground\University\senior-project-1\dataset\internet\clear\Horror movie for WOKE!!!!!.wav,352.0,353.1,none
C:\Users\muldi\Documents\Playground\University\senior-project-1\dataset\internet\clear\Horror movie for WOKE!!!!!.wav,353.1,354.2,none
C:\Users\muldi\Documents\Playground\University\senior-project-1\dataset\internet\clear\Horror movie for WOKE!!!!!.wav,354.2,355.3,none
C:\Users\muldi\Documents\Playground\University\senior-project-1\dataset\internet\clear\Horror movie for WOKE!!!!!.wav,355.3,356.4,none
C:\Users\muldi\Documents\Playground\University\senior-project-1\dataset\internet\clear\Horror movie for WOKE!!!!!.wav,356.4,357.5,none
C:\Users\muldi\Documents\Playground\University\senior-project-1\dataset\internet\clear\Horror movie for WOKE!!!!!.wav,357.5,358.6,none
C:\Users\muldi\Documents\Playground\University\senior-project-1\dataset\internet\clear\Horror movie for WOKE!!!!!.wav,358.6,359.7,none
C:\Users\muldi\Documents\Playground\University\senior-project-1\dataset\internet\clear\Horror movie for WOKE!!!!!.wav,359.7,360.8,none
C:\Users\muldi\Documents\Playground\University\senior-project-1\dataset\internet\clear\Horror movie for WOKE!!!!!.wav,360.8,361.9,none
C:\Users\muldi\Documents\Playground\University\senior-project-1\dataset\internet\clear\Horror movie for WOKE!!!!!.wav,361.9,363.0,none
C:\Users\muldi\Documents\Playground\University\senior-project-1\dataset\internet\clear\Horror movie for WOKE!!!!!.wav,363.0,364.1,none
C:\Users\muldi\Documents\Playground\University\senior-project-1\dataset\internet\clear\Horror movie for WOKE!!!!!.wav,364.1,365.2,none
C:\Users\muldi\Documents\Playground\University\senior-project-1\dataset\internet\clear\Horror movie for WOKE!!!!!.wav,365.2,366.3,none
C:\Users\muldi\Documents\Playground\University\senior-project-1\dataset\internet\clear\Horror movie for WOKE!!!!!.wav,366.3,367.4,none
C:\Users\muldi\Documents\Playground\University\senior-project-1\dataset\internet\clear\Horror movie for WOKE!!!!!.wav,367.4,368.5,none
C:\Users\muldi\Documents\Playground\University\senior-project-1\dataset\internet\clear\Horror movie for WOKE!!!!!.wav,368.5,369.6,none
C:\Users\muldi\Documents\Playground\University\senior-project-1\dataset\internet\clear\Horror movie for WOKE!!!!!.wav,369.6,370.7,none
C:\Users\muldi\Documents\Playground\University\senior-project-1\dataset\internet\clear\Horror movie for WOKE!!!!!.wav,370.7,371.8,none
C:\Users\muldi\Documents\Playground\University\senior-project-1\dataset\internet\clear\Horror movie for WOKE!!!!!.wav,371.8,372.9,none
C:\Users\muldi\Documents\Playground\University\senior-project-1\dataset\internet\clear\Horror movie for WOKE!!!!!.wav,372.9,374.0,none
C:\Users\muldi\Documents\Playground\University\senior-project-1\dataset\internet\clear\Horror movie for WOKE!!!!!.wav,374.0,375.1,none
C:\Users\muldi\Documents\Playground\University\senior-project-1\dataset\internet\clear\Horror movie for WOKE!!!!!.wav,375.1,376.2,none
C:\Users\muldi\Documents\Playground\University\senior-project-1\dataset\internet\clear\Horror movie for WOKE!!!!!.wav,376.2,377.3,none
C:\Users\muldi\Documents\Playground\University\senior-project-1\dataset\internet\clear\Horror movie for WOKE!!!!!.wav,377.3,378.4,none
C:\Users\muldi\Documents\Playground\University\senior-project-1\dataset\internet\clear\Horror movie for WOKE!!!!!.wav,378.4,379.5,none
C:\Users\muldi\Documents\Playground\University\senior-project-1\dataset\internet\clear\Horror movie for WOKE!!!!!.wav,379.5,380.6,none
C:\Users\muldi\Documents\Playground\University\senior-project-1\dataset\internet\clear\Horror movie for WOKE!!!!!.wav,380.6,381.7,none
C:\Users\muldi\Documents\Playground\University\senior-project-1\dataset\internet\clear\Horror movie for WOKE!!!!!.wav,381.7,382.8,none
C:\Users\muldi\Documents\Playground\University\senior-project-1\dataset\internet\clear\Horror movie for WOKE!!!!!.wav,382.8,383.9,none
C:\Users\muldi\Documents\Playground\University\senior-project-1\dataset\internet\clear\Horror movie for WOKE!!!!!.wav,383.9,385.0,none
C:\Users\muldi\Documents\Playground\University\senior-project-1\dataset\internet\clear\Horror movie for WOKE!!!!!.wav,385.0,386.1,none
C:\Users\muldi\Documents\Playground\University\senior-project-1\dataset\internet\clear\Horror movie for WOKE!!!!!.wav,386.1,387.2,none
C:\Users\muldi\Documents\Playground\University\senior-project-1\dataset\internet\clear\Horror movie for WOKE!!!!!.wav,387.2,388.3,none
C:\Users\muldi\Documents\Playground\University\senior-project-1\dataset\internet\clear\Horror movie for WOKE!!!!!.wav,388.3,389.4,none
C:\Users\muldi\Documents\Playground\University\senior-project-1\dataset\internet\clear\Horror movie for WOKE!!!!!.wav,389.4,390.5,none
C:\Users\muldi\Documents\Playground\University\senior-project-1\dataset\internet\clear\Horror movie for WOKE!!!!!.wav,390.5,391.6,กู
C:\Users\muldi\Documents\Playground\University\senior-project-1\dataset\internet\clear\Horror movie for WOKE!!!!!.wav,391.6,392.7,none
C:\Users\muldi\Documents\Playground\University\senior-project-1\dataset\internet\clear\Horror movie for WOKE!!!!!.wav,392.7,393.8,none
C:\Users\muldi\Documents\Playground\University\senior-project-1\dataset\internet\clear\Horror movie for WOKE!!!!!.wav,393.8,394.9,มึง
C:\Users\muldi\Documents\Playground\University\senior-project-1\dataset\internet\clear\Horror movie for WOKE!!!!!.wav,394.9,396.0,none
C:\Users\muldi\Documents\Playground\University\senior-project-1\dataset\internet\clear\Horror movie for WOKE!!!!!.wav,396.0,397.1,มึง
C:\Users\muldi\Documents\Playground\University\senior-project-1\dataset\internet\clear\Horror movie for WOKE!!!!!.wav,397.1,398.2,none
C:\Users\muldi\Documents\Playground\University\senior-project-1\dataset\internet\clear\Horror movie for WOKE!!!!!.wav,398.2,399.3,none
C:\Users\muldi\Documents\Playground\University\senior-project-1\dataset\internet\clear\Horror movie for WOKE!!!!!.wav,399.3,400.4,none
C:\Users\muldi\Documents\Playground\University\senior-project-1\dataset\internet\clear\Horror movie for WOKE!!!!!.wav,400.4,401.5,มึง
C:\Users\muldi\Documents\Playground\University\senior-project-1\dataset\internet\clear\Horror movie for WOKE!!!!!.wav,401.5,402.6,none
C:\Users\muldi\Documents\Playground\University\senior-project-1\dataset\internet\clear\Horror movie for WOKE!!!!!.wav,402.6,403.7,มึง
C:\Users\muldi\Documents\Playground\University\senior-project-1\dataset\internet\clear\Horror movie for WOKE!!!!!.wav,403.7,404.8,none
C:\Users\muldi\Documents\Playground\University\senior-project-1\dataset\internet\clear\Horror movie for WOKE!!!!!.wav,404.8,405.9,none
C:\Users\muldi\Documents\Playground\University\senior-project-1\dataset\internet\clear\Horror movie for WOKE!!!!!.wav,405.9,407.0,none
C:\Users\muldi\Documents\Playground\University\senior-project-1\dataset\internet\clear\Horror movie for WOKE!!!!!.wav,407.0,408.1,none
C:\Users\muldi\Documents\Playground\University\senior-project-1\dataset\internet\clear\Horror movie for WOKE!!!!!.wav,408.1,409.2,none
C:\Users\muldi\Documents\Playground\University\senior-project-1\dataset\internet\clear\Horror movie for WOKE!!!!!.wav,409.2,410.3,none
C:\Users\muldi\Documents\Playground\University\senior-project-1\dataset\internet\clear\Horror movie for WOKE!!!!!.wav,410.3,411.4,none
C:\Users\muldi\Documents\Playground\University\senior-project-1\dataset\internet\clear\Horror movie for WOKE!!!!!.wav,411.4,412.5,none
C:\Users\muldi\Documents\Playground\University\senior-project-1\dataset\internet\clear\Horror movie for WOKE!!!!!.wav,412.5,413.6,none
C:\Users\muldi\Documents\Playground\University\senior-project-1\dataset\internet\clear\Horror movie for WOKE!!!!!.wav,413.6,414.7,none
C:\Users\muldi\Documents\Playground\University\senior-project-1\dataset\internet\clear\Horror movie for WOKE!!!!!.wav,414.7,415.8,none
C:\Users\muldi\Documents\Playground\University\senior-project-1\dataset\internet\clear\Horror movie for WOKE!!!!!.wav,415.8,416.9,none
C:\Users\muldi\Documents\Playground\University\senior-project-1\dataset\internet\clear\Horror movie for WOKE!!!!!.wav,416.9,418.0,none
C:\Users\muldi\Documents\Playground\University\senior-project-1\dataset\internet\clear\Horror movie for WOKE!!!!!.wav,418.0,419.1,none
C:\Users\muldi\Documents\Playground\University\senior-project-1\dataset\internet\clear\Horror movie for WOKE!!!!!.wav,419.1,420.2,none
C:\Users\muldi\Documents\Playground\University\senior-project-1\dataset\internet\clear\Horror movie for WOKE!!!!!.wav,420.2,421.3,none
C:\Users\muldi\Documents\Playground\University\senior-project-1\dataset\internet\clear\Horror movie for WOKE!!!!!.wav,421.3,422.4,none
C:\Users\muldi\Documents\Playground\University\senior-project-1\dataset\internet\clear\Horror movie for WOKE!!!!!.wav,422.4,423.5,none
C:\Users\muldi\Documents\Playground\University\senior-project-1\dataset\internet\clear\Horror movie for WOKE!!!!!.wav,423.5,424.6,none
C:\Users\muldi\Documents\Playground\University\senior-project-1\dataset\internet\clear\Horror movie for WOKE!!!!!.wav,424.6,425.7,none
C:\Users\muldi\Documents\Playground\University\senior-project-1\dataset\internet\clear\Horror movie for WOKE!!!!!.wav,425.7,426.8,none
C:\Users\muldi\Documents\Playground\University\senior-project-1\dataset\internet\clear\Horror movie for WOKE!!!!!.wav,426.8,427.9,none
C:\Users\muldi\Documents\Playground\University\senior-project-1\dataset\internet\clear\Horror movie for WOKE!!!!!.wav,427.9,429.0,none
C:\Users\muldi\Documents\Playground\University\senior-project-1\dataset\internet\clear\Horror movie for WOKE!!!!!.wav,429.0,430.1,none
C:\Users\muldi\Documents\Playground\University\senior-project-1\dataset\internet\clear\Horror movie for WOKE!!!!!.wav,430.1,431.2,มึง
C:\Users\muldi\Documents\Playground\University\senior-project-1\dataset\internet\clear\Horror movie for WOKE!!!!!.wav,431.2,432.3,none
C:\Users\muldi\Documents\Playground\University\senior-project-1\dataset\internet\clear\Horror movie for WOKE!!!!!.wav,432.3,433.4,none
C:\Users\muldi\Documents\Playground\University\senior-project-1\dataset\internet\clear\Horror movie for WOKE!!!!!.wav,433.4,434.5,none
C:\Users\muldi\Documents\Playground\University\senior-project-1\dataset\internet\clear\Horror movie for WOKE!!!!!.wav,434.5,435.6,none
C:\Users\muldi\Documents\Playground\University\senior-project-1\dataset\internet\clear\Horror movie for WOKE!!!!!.wav,435.6,436.7,none
C:\Users\muldi\Documents\Playground\University\senior-project-1\dataset\internet\clear\Horror movie for WOKE!!!!!.wav,436.7,437.8,none
C:\Users\muldi\Documents\Playground\University\senior-project-1\dataset\internet\clear\Horror movie for WOKE!!!!!.wav,437.8,438.9,none
C:\Users\muldi\Documents\Playground\University\senior-project-1\dataset\internet\clear\Horror movie for WOKE!!!!!.wav,438.9,440.0,none
C:\Users\muldi\Documents\Playground\University\senior-project-1\dataset\internet\clear\Horror movie for WOKE!!!!!.wav,440.0,441.1,none
C:\Users\muldi\Documents\Playground\University\senior-project-1\dataset\internet\clear\Horror movie for WOKE!!!!!.wav,441.1,442.2,none
C:\Users\muldi\Documents\Playground\University\senior-project-1\dataset\internet\clear\Horror movie for WOKE!!!!!.wav,442.2,443.3,none
C:\Users\muldi\Documents\Playground\University\senior-project-1\dataset\internet\clear\Horror movie for WOKE!!!!!.wav,443.3,444.4,none
C:\Users\muldi\Documents\Playground\University\senior-project-1\dataset\internet\clear\Horror movie for WOKE!!!!!.wav,444.4,445.5,none
C:\Users\muldi\Documents\Playground\University\senior-project-1\dataset\internet\clear\Horror movie for WOKE!!!!!.wav,445.5,446.6,none
C:\Users\muldi\Documents\Playground\University\senior-project-1\dataset\internet\clear\Horror movie for WOKE!!!!!.wav,446.6,447.7,none
C:\Users\muldi\Documents\Playground\University\senior-project-1\dataset\internet\clear\Horror movie for WOKE!!!!!.wav,447.7,448.8,none
C:\Users\muldi\Documents\Playground\University\senior-project-1\dataset\internet\clear\Horror movie for WOKE!!!!!.wav,448.8,449.9,none
C:\Users\muldi\Documents\Playground\University\senior-project-1\dataset\internet\clear\Horror movie for WOKE!!!!!.wav,449.9,451.0,none
C:\Users\muldi\Documents\Playground\University\senior-project-1\dataset\internet\clear\Horror movie for WOKE!!!!!.wav,451.0,452.1,none
C:\Users\muldi\Documents\Playground\University\senior-project-1\dataset\internet\clear\Horror movie for WOKE!!!!!.wav,452.1,453.2,เหี้ย
C:\Users\muldi\Documents\Playground\University\senior-project-1\dataset\internet\clear\Horror movie for WOKE!!!!!.wav,453.2,454.3,none
C:\Users\muldi\Documents\Playground\University\senior-project-1\dataset\internet\clear\Horror movie for WOKE!!!!!.wav,454.3,455.4,none
C:\Users\muldi\Documents\Playground\University\senior-project-1\dataset\internet\clear\Horror movie for WOKE!!!!!.wav,455.4,456.5,none
C:\Users\muldi\Documents\Playground\University\senior-project-1\dataset\internet\clear\Horror movie for WOKE!!!!!.wav,456.5,457.6,none
C:\Users\muldi\Documents\Playground\University\senior-project-1\dataset\internet\clear\Horror movie for WOKE!!!!!.wav,457.6,458.7,none
C:\Users\muldi\Documents\Playground\University\senior-project-1\dataset\internet\clear\Horror movie for WOKE!!!!!.wav,458.7,459.8,เหี้ย
C:\Users\muldi\Documents\Playground\University\senior-project-1\dataset\internet\clear\Horror movie for WOKE!!!!!.wav,459.8,460.9,none
C:\Users\muldi\Documents\Playground\University\senior-project-1\dataset\internet\clear\Horror movie for WOKE!!!!!.wav,460.9,462.0,none
C:\Users\muldi\Documents\Playground\University\senior-project-1\dataset\internet\clear\Horror movie for WOKE!!!!!.wav,462.0,463.1,none
C:\Users\muldi\Documents\Playground\University\senior-project-1\dataset\internet\clear\Horror movie for WOKE!!!!!.wav,463.1,464.2,none
C:\Users\muldi\Documents\Playground\University\senior-project-1\dataset\internet\clear\Horror movie for WOKE!!!!!.wav,464.2,465.3,เหี้ย
C:\Users\muldi\Documents\Playground\University\senior-project-1\dataset\internet\clear\Horror movie for WOKE!!!!!.wav,465.3,466.4,none
C:\Users\muldi\Documents\Playground\University\senior-project-1\dataset\internet\clear\Horror movie for WOKE!!!!!.wav,466.4,467.5,none
C:\Users\muldi\Documents\Playground\University\senior-project-1\dataset\internet\clear\Horror movie for WOKE!!!!!.wav,467.5,468.6,none
C:\Users\muldi\Documents\Playground\University\senior-project-1\dataset\internet\clear\Horror movie for WOKE!!!!!.wav,468.6,469.7,none
C:\Users\muldi\Documents\Playground\University\senior-project-1\dataset\internet\clear\Horror movie for WOKE!!!!!.wav,469.7,470.8,none
C:\Users\muldi\Documents\Playground\University\senior-project-1\dataset\internet\clear\Horror movie for WOKE!!!!!.wav,470.8,471.9,none
C:\Users\muldi\Documents\Playground\University\senior-project-1\dataset\internet\clear\Horror movie for WOKE!!!!!.wav,471.9,473.0,none
C:\Users\muldi\Documents\Playground\University\senior-project-1\dataset\internet\clear\Horror movie for WOKE!!!!!.wav,473.0,474.1,none
C:\Users\muldi\Documents\Playground\University\senior-project-1\dataset\internet\clear\Horror movie for WOKE!!!!!.wav,474.1,475.2,none
C:\Users\muldi\Documents\Playground\University\senior-project-1\dataset\internet\clear\Horror movie for WOKE!!!!!.wav,475.2,476.3,เหี้ย
C:\Users\muldi\Documents\Playground\University\senior-project-1\dataset\internet\clear\Horror movie for WOKE!!!!!.wav,476.3,477.4,none
C:\Users\muldi\Documents\Playground\University\senior-project-1\dataset\internet\clear\Horror movie for WOKE!!!!!.wav,477.4,478.5,none
C:\Users\muldi\Documents\Playground\University\senior-project-1\dataset\internet\clear\Horror movie for WOKE!!!!!.wav,478.5,479.6,none
C:\Users\muldi\Documents\Playground\University\senior-project-1\dataset\internet\clear\Horror movie for WOKE!!!!!.wav,479.6,480.7,none
C:\Users\muldi\Documents\Playground\University\senior-project-1\dataset\internet\clear\Horror movie for WOKE!!!!!.wav,480.7,481.8,none
C:\Users\muldi\Documents\Playground\University\senior-project-1\dataset\internet\clear\Horror movie for WOKE!!!!!.wav,481.8,482.9,none
C:\Users\muldi\Documents\Playground\University\senior-project-1\dataset\internet\clear\Horror movie for WOKE!!!!!.wav,482.9,484.0,none
C:\Users\muldi\Documents\Playground\University\senior-project-1\dataset\internet\clear\Horror movie for WOKE!!!!!.wav,484.0,485.1,none
C:\Users\muldi\Documents\Playground\University\senior-project-1\dataset\internet\clear\Horror movie for WOKE!!!!!.wav,485.1,486.2,none
C:\Users\muldi\Documents\Playground\University\senior-project-1\dataset\internet\clear\Horror movie for WOKE!!!!!.wav,486.2,487.3,none
C:\Users\muldi\Documents\Playground\University\senior-project-1\dataset\internet\clear\Horror movie for WOKE!!!!!.wav,487.3,488.4,none
C:\Users\muldi\Documents\Playground\University\senior-project-1\dataset\internet\clear\Horror movie for WOKE!!!!!.wav,488.4,489.5,none
C:\Users\muldi\Documents\Playground\University\senior-project-1\dataset\internet\clear\Horror movie for WOKE!!!!!.wav,489.5,490.6,none
C:\Users\muldi\Documents\Playground\University\senior-project-1\dataset\internet\clear\Horror movie for WOKE!!!!!.wav,490.6,491.7,none
C:\Users\muldi\Documents\Playground\University\senior-project-1\dataset\internet\clear\Horror movie for WOKE!!!!!.wav,491.7,492.8,none
C:\Users\muldi\Documents\Playground\University\senior-project-1\dataset\internet\clear\Horror movie for WOKE!!!!!.wav,492.8,493.9,none
C:\Users\muldi\Documents\Playground\University\senior-project-1\dataset\internet\clear\Horror movie for WOKE!!!!!.wav,493.9,495.0,none
C:\Users\muldi\Documents\Playground\University\senior-project-1\dataset\internet\clear\Horror movie for WOKE!!!!!.wav,495.0,496.1,none
C:\Users\muldi\Documents\Playground\University\senior-project-1\dataset\internet\clear\Horror movie for WOKE!!!!!.wav,496.1,497.2,none
C:\Users\muldi\Documents\Playground\University\senior-project-1\dataset\internet\clear\Horror movie for WOKE!!!!!.wav,497.2,498.3,none
C:\Users\muldi\Documents\Playground\University\senior-project-1\dataset\internet\clear\Horror movie for WOKE!!!!!.wav,498.3,499.4,none
C:\Users\muldi\Documents\Playground\University\senior-project-1\dataset\internet\clear\Horror movie for WOKE!!!!!.wav,499.4,500.5,none
C:\Users\muldi\Documents\Playground\University\senior-project-1\dataset\internet\clear\Horror movie for WOKE!!!!!.wav,500.5,501.6,none
C:\Users\muldi\Documents\Playground\University\senior-project-1\dataset\internet\clear\Horror movie for WOKE!!!!!.wav,501.6,502.7,none
C:\Users\muldi\Documents\Playground\University\senior-project-1\dataset\internet\clear\Horror movie for WOKE!!!!!.wav,502.7,503.8,none
C:\Users\muldi\Documents\Playground\University\senior-project-1\dataset\internet\clear\Horror movie for WOKE!!!!!.wav,503.8,504.9,none
C:\Users\muldi\Documents\Playground\University\senior-project-1\dataset\internet\clear\Horror movie for WOKE!!!!!.wav,504.9,506.0,none
C:\Users\muldi\Documents\Playground\University\senior-project-1\dataset\internet\clear\Horror movie for WOKE!!!!!.wav,506.0,507.1,none
C:\Users\muldi\Documents\Playground\University\senior-project-1\dataset\internet\clear\Horror movie for WOKE!!!!!.wav,507.1,508.2,none
C:\Users\muldi\Documents\Playground\University\senior-project-1\dataset\internet\clear\Horror movie for WOKE!!!!!.wav,508.2,509.3,มึง
C:\Users\muldi\Documents\Playground\University\senior-project-1\dataset\internet\clear\Horror movie for WOKE!!!!!.wav,509.3,510.4,none
C:\Users\muldi\Documents\Playground\University\senior-project-1\dataset\internet\clear\Horror movie for WOKE!!!!!.wav,510.4,511.5,none
C:\Users\muldi\Documents\Playground\University\senior-project-1\dataset\internet\clear\Horror movie for WOKE!!!!!.wav,511.5,512.6,none
C:\Users\muldi\Documents\Playground\University\senior-project-1\dataset\internet\clear\Horror movie for WOKE!!!!!.wav,512.6,513.7,มึง
C:\Users\muldi\Documents\Playground\University\senior-project-1\dataset\internet\clear\Horror movie for WOKE!!!!!.wav,513.7,514.8,none
C:\Users\muldi\Documents\Playground\University\senior-project-1\dataset\internet\clear\Horror movie for WOKE!!!!!.wav,514.8,515.9,มึง
C:\Users\muldi\Documents\Playground\University\senior-project-1\dataset\internet\clear\Horror movie for WOKE!!!!!.wav,515.9,517.0,none
C:\Users\muldi\Documents\Playground\University\senior-project-1\dataset\internet\clear\Horror movie for WOKE!!!!!.wav,517.0,518.1,เหี้ย
C:\Users\muldi\Documents\Playground\University\senior-project-1\dataset\internet\clear\Horror movie for WOKE!!!!!.wav,518.1,519.2,มึง
C:\Users\muldi\Documents\Playground\University\senior-project-1\dataset\internet\clear\Horror movie for WOKE!!!!!.wav,519.2,520.3,none
C:\Users\muldi\Documents\Playground\University\senior-project-1\dataset\internet\clear\Horror movie for WOKE!!!!!.wav,520.3,521.4,none
C:\Users\muldi\Documents\Playground\University\senior-project-1\dataset\internet\clear\Horror movie for WOKE!!!!!.wav,521.4,522.5,none
C:\Users\muldi\Documents\Playground\University\senior-project-1\dataset\internet\clear\Horror movie for WOKE!!!!!.wav,522.5,523.6,none
C:\Users\muldi\Documents\Playground\University\senior-project-1\dataset\internet\clear\Horror movie for WOKE!!!!!.wav,523.6,524.7,none
C:\Users\muldi\Documents\Playground\University\senior-project-1\dataset\internet\clear\Horror movie for WOKE!!!!!.wav,524.7,525.8,มึง
C:\Users\muldi\Documents\Playground\University\senior-project-1\dataset\internet\clear\Horror movie for WOKE!!!!!.wav,525.8,526.9,มึง
C:\Users\muldi\Documents\Playground\University\senior-project-1\dataset\internet\clear\Horror movie for WOKE!!!!!.wav,526.9,528.0,none
C:\Users\muldi\Documents\Playground\University\senior-project-1\dataset\internet\clear\Horror movie for WOKE!!!!!.wav,528.0,529.1,none
C:\Users\muldi\Documents\Playground\University\senior-project-1\dataset\internet\clear\Horror movie for WOKE!!!!!.wav,529.1,530.2,มึง
C:\Users\muldi\Documents\Playground\University\senior-project-1\dataset\internet\clear\Horror movie for WOKE!!!!!.wav,530.2,531.3,none
C:\Users\muldi\Documents\Playground\University\senior-project-1\dataset\internet\clear\Horror movie for WOKE!!!!!.wav,531.3,532.4,มึง
C:\Users\muldi\Documents\Playground\University\senior-project-1\dataset\internet\clear\Horror movie for WOKE!!!!!.wav,532.4,533.5,none
C:\Users\muldi\Documents\Playground\University\senior-project-1\dataset\internet\clear\Horror movie for WOKE!!!!!.wav,533.5,534.6,มึง
C:\Users\muldi\Documents\Playground\University\senior-project-1\dataset\internet\clear\Horror movie for WOKE!!!!!.wav,534.6,535.7,none
C:\Users\muldi\Documents\Playground\University\senior-project-1\dataset\internet\clear\Horror movie for WOKE!!!!!.wav,535.7,536.8,มึง
C:\Users\muldi\Documents\Playground\University\senior-project-1\dataset\internet\clear\Horror movie for WOKE!!!!!.wav,536.8,537.9,มึง
C:\Users\muldi\Documents\Playground\University\senior-project-1\dataset\internet\clear\Horror movie for WOKE!!!!!.wav,537.9,539.0,none
C:\Users\muldi\Documents\Playground\University\senior-project-1\dataset\internet\clear\Horror movie for WOKE!!!!!.wav,539.0,540.1,none
C:\Users\muldi\Documents\Playground\University\senior-project-1\dataset\internet\clear\Horror movie for WOKE!!!!!.wav,540.1,541.2,none
C:\Users\muldi\Documents\Playground\University\senior-project-1\dataset\internet\clear\Horror movie for WOKE!!!!!.wav,541.2,542.3,none
C:\Users\muldi\Documents\Playground\University\senior-project-1\dataset\internet\clear\Horror movie for WOKE!!!!!.wav,542.3,543.4,none
C:\Users\muldi\Documents\Playground\University\senior-project-1\dataset\internet\clear\Horror movie for WOKE!!!!!.wav,543.4,544.5,none
C:\Users\muldi\Documents\Playground\University\senior-project-1\dataset\internet\clear\Horror movie for WOKE!!!!!.wav,544.5,545.6,none
C:\Users\muldi\Documents\Playground\University\senior-project-1\dataset\internet\clear\Horror movie for WOKE!!!!!.wav,545.6,546.7,มึง
C:\Users\muldi\Documents\Playground\University\senior-project-1\dataset\internet\clear\Horror movie for WOKE!!!!!.wav,546.7,547.8,กู
C:\Users\muldi\Documents\Playground\University\senior-project-1\dataset\internet\clear\Horror movie for WOKE!!!!!.wav,547.8,548.9,none
C:\Users\muldi\Documents\Playground\University\senior-project-1\dataset\internet\clear\Horror movie for WOKE!!!!!.wav,548.9,550.0,none
C:\Users\muldi\Documents\Playground\University\senior-project-1\dataset\internet\clear\Horror movie for WOKE!!!!!.wav,550.0,551.1,none
C:\Users\muldi\Documents\Playground\University\senior-project-1\dataset\internet\clear\Horror movie for WOKE!!!!!.wav,551.1,552.2,none
C:\Users\muldi\Documents\Playground\University\senior-project-1\dataset\internet\clear\Horror movie for WOKE!!!!!.wav,552.2,553.3,none
C:\Users\muldi\Documents\Playground\University\senior-project-1\dataset\internet\clear\Horror movie for WOKE!!!!!.wav,553.3,554.4,มึง
C:\Users\muldi\Documents\Playground\University\senior-project-1\dataset\internet\clear\Horror movie for WOKE!!!!!.wav,554.4,555.5,เหี้ย
C:\Users\muldi\Documents\Playground\University\senior-project-1\dataset\internet\clear\Horror movie for WOKE!!!!!.wav,555.5,556.6,none
C:\Users\muldi\Documents\Playground\University\senior-project-1\dataset\internet\clear\Horror movie for WOKE!!!!!.wav,556.6,557.7,กู
C:\Users\muldi\Documents\Playground\University\senior-project-1\dataset\internet\clear\Horror movie for WOKE!!!!!.wav,557.7,558.8,กู
C:\Users\muldi\Documents\Playground\University\senior-project-1\dataset\internet\clear\Horror movie for WOKE!!!!!.wav,558.8,559.9,none
C:\Users\muldi\Documents\Playground\University\senior-project-1\dataset\internet\clear\Horror movie for WOKE!!!!!.wav,559.9,561.0,none
C:\Users\muldi\Documents\Playground\University\senior-project-1\dataset\internet\clear\Horror movie for WOKE!!!!!.wav,561.0,562.1,none
C:\Users\muldi\Documents\Playground\University\senior-project-1\dataset\internet\clear\Horror movie for WOKE!!!!!.wav,562.1,563.2,none
C:\Users\muldi\Documents\Playground\University\senior-project-1\dataset\internet\clear\Horror movie for WOKE!!!!!.wav,563.2,564.3,กู
C:\Users\muldi\Documents\Playground\University\senior-project-1\dataset\internet\clear\Horror movie for WOKE!!!!!.wav,564.3,565.4,เหี้ย
C:\Users\muldi\Documents\Playground\University\senior-project-1\dataset\internet\clear\Horror movie for WOKE!!!!!.wav,565.4,566.5,none
C:\Users\muldi\Documents\Playground\University\senior-project-1\dataset\internet\clear\Horror movie for WOKE!!!!!.wav,566.5,567.6,none
C:\Users\muldi\Documents\Playground\University\senior-project-1\dataset\internet\clear\Horror movie for WOKE!!!!!.wav,567.6,568.7,none
C:\Users\muldi\Documents\Playground\University\senior-project-1\dataset\internet\clear\Horror movie for WOKE!!!!!.wav,568.7,569.8,none
C:\Users\muldi\Documents\Playground\University\senior-project-1\dataset\internet\clear\Horror movie for WOKE!!!!!.wav,569.8,570.9,none
C:\Users\muldi\Documents\Playground\University\senior-project-1\dataset\internet\clear\Horror movie for WOKE!!!!!.wav,570.9,572.0,none
C:\Users\muldi\Documents\Playground\University\senior-project-1\dataset\internet\clear\Horror movie for WOKE!!!!!.wav,572.0,573.1,none
C:\Users\muldi\Documents\Playground\University\senior-project-1\dataset\internet\clear\Horror movie for WOKE!!!!!.wav,573.1,574.2,none
C:\Users\muldi\Documents\Playground\University\senior-project-1\dataset\internet\clear\Horror movie for WOKE!!!!!.wav,574.2,575.3,none
C:\Users\muldi\Documents\Playground\University\senior-project-1\dataset\internet\clear\Horror movie for WOKE!!!!!.wav,575.3,576.4,none
C:\Users\muldi\Documents\Playground\University\senior-project-1\dataset\internet\clear\Horror movie for WOKE!!!!!.wav,576.4,577.5,none
C:\Users\muldi\Documents\Playground\University\senior-project-1\dataset\internet\clear\Horror movie for WOKE!!!!!.wav,577.5,578.6,เหี้ย
C:\Users\muldi\Documents\Playground\University\senior-project-1\dataset\internet\clear\Horror movie for WOKE!!!!!.wav,578.6,579.7,none
C:\Users\muldi\Documents\Playground\University\senior-project-1\dataset\internet\clear\Horror movie for WOKE!!!!!.wav,579.7,580.8,none
C:\Users\muldi\Documents\Playground\University\senior-project-1\dataset\internet\clear\Horror movie for WOKE!!!!!.wav,580.8,581.9,none
C:\Users\muldi\Documents\Playground\University\senior-project-1\dataset\internet\clear\Horror movie for WOKE!!!!!.wav,581.9,583.0,none
C:\Users\muldi\Documents\Playground\University\senior-project-1\dataset\internet\clear\Horror movie for WOKE!!!!!.wav,583.0,584.1,none
C:\Users\muldi\Documents\Playground\University\senior-project-1\dataset\internet\clear\Horror movie for WOKE!!!!!.wav,584.1,585.2,none
C:\Users\muldi\Documents\Playground\University\senior-project-1\dataset\internet\clear\Horror movie for WOKE!!!!!.wav,585.2,586.3,none
C:\Users\muldi\Documents\Playground\University\senior-project-1\dataset\internet\clear\Horror movie for WOKE!!!!!.wav,586.3,587.4,none
C:\Users\muldi\Documents\Playground\University\senior-project-1\dataset\internet\clear\Horror movie for WOKE!!!!!.wav,587.4,588.5,มึง
C:\Users\muldi\Documents\Playground\University\senior-project-1\dataset\internet\clear\Horror movie for WOKE!!!!!.wav,588.5,589.6,none
C:\Users\muldi\Documents\Playground\University\senior-project-1\dataset\internet\clear\Horror movie for WOKE!!!!!.wav,589.6,590.7,มึง
C:\Users\muldi\Documents\Playground\University\senior-project-1\dataset\internet\clear\Horror movie for WOKE!!!!!.wav,590.7,591.8,none
C:\Users\muldi\Documents\Playground\University\senior-project-1\dataset\internet\clear\Horror movie for WOKE!!!!!.wav,591.8,592.9,กู
C:\Users\muldi\Documents\Playground\University\senior-project-1\dataset\internet\clear\Horror movie for WOKE!!!!!.wav,592.9,594.0,none
C:\Users\muldi\Documents\Playground\University\senior-project-1\dataset\internet\clear\Horror movie for WOKE!!!!!.wav,594.0,595.1,none
C:\Users\muldi\Documents\Playground\University\senior-project-1\dataset\internet\clear\Horror movie for WOKE!!!!!.wav,595.1,596.2,none
C:\Users\muldi\Documents\Playground\University\senior-project-1\dataset\internet\clear\Horror movie for WOKE!!!!!.wav,596.2,597.3,none
C:\Users\muldi\Documents\Playground\University\senior-project-1\dataset\internet\clear\Horror movie for WOKE!!!!!.wav,597.3,598.4,none
C:\Users\muldi\Documents\Playground\University\senior-project-1\dataset\internet\clear\Horror movie for WOKE!!!!!.wav,598.4,599.5,none
C:\Users\muldi\Documents\Playground\University\senior-project-1\dataset\internet\clear\Horror movie for WOKE!!!!!.wav,599.5,600.6,none
C:\Users\muldi\Documents\Playground\University\senior-project-1\dataset\internet\clear\Horror movie for WOKE!!!!!.wav,600.6,601.7,มึง
C:\Users\muldi\Documents\Playground\University\senior-project-1\dataset\internet\clear\Horror movie for WOKE!!!!!.wav,601.7,602.8,none
C:\Users\muldi\Documents\Playground\University\senior-project-1\dataset\internet\clear\Horror movie for WOKE!!!!!.wav,602.8,603.9,none
C:\Users\muldi\Documents\Playground\University\senior-project-1\dataset\internet\clear\Horror movie for WOKE!!!!!.wav,603.9,605.0,none
C:\Users\muldi\Documents\Playground\University\senior-project-1\dataset\internet\clear\Horror movie for WOKE!!!!!.wav,605.0,606.1,none
C:\Users\muldi\Documents\Playground\University\senior-project-1\dataset\internet\clear\Horror movie for WOKE!!!!!.wav,606.1,607.2,none
C:\Users\muldi\Documents\Playground\University\senior-project-1\dataset\internet\clear\Horror movie for WOKE!!!!!.wav,607.2,608.3,none
C:\Users\muldi\Documents\Playground\University\senior-project-1\dataset\internet\clear\Horror movie for WOKE!!!!!.wav,608.3,609.4,มึง
C:\Users\muldi\Documents\Playground\University\senior-project-1\dataset\internet\clear\Horror movie for WOKE!!!!!.wav,609.4,610.5,มึง
C:\Users\muldi\Documents\Playground\University\senior-project-1\dataset\internet\clear\Horror movie for WOKE!!!!!.wav,610.5,611.6,none
C:\Users\muldi\Documents\Playground\University\senior-project-1\dataset\internet\clear\Horror movie for WOKE!!!!!.wav,611.6,612.7,none
C:\Users\muldi\Documents\Playground\University\senior-project-1\dataset\internet\clear\Horror movie for WOKE!!!!!.wav,612.7,613.8,มึง
C:\Users\muldi\Documents\Playground\University\senior-project-1\dataset\internet\clear\Horror movie for WOKE!!!!!.wav,613.8,614.9,none
C:\Users\muldi\Documents\Playground\University\senior-project-1\dataset\internet\clear\Horror movie for WOKE!!!!!.wav,614.9,616.0,none
C:\Users\muldi\Documents\Playground\University\senior-project-1\dataset\internet\clear\Horror movie for WOKE!!!!!.wav,616.0,617.1,none
C:\Users\muldi\Documents\Playground\University\senior-project-1\dataset\internet\clear\Horror movie for WOKE!!!!!.wav,617.1,618.2,none
C:\Users\muldi\Documents\Playground\University\senior-project-1\dataset\internet\clear\Horror movie for WOKE!!!!!.wav,618.2,619.3,none
C:\Users\muldi\Documents\Playground\University\senior-project-1\dataset\internet\clear\Horror movie for WOKE!!!!!.wav,619.3,620.4,none
C:\Users\muldi\Documents\Playground\University\senior-project-1\dataset\internet\clear\Horror movie for WOKE!!!!!.wav,620.4,621.5,none
C:\Users\muldi\Documents\Playground\University\senior-project-1\dataset\internet\clear\Horror movie for WOKE!!!!!.wav,621.5,622.6,none
C:\Users\muldi\Documents\Playground\University\senior-project-1\dataset\internet\clear\Horror movie for WOKE!!!!!.wav,622.6,623.7,none
C:\Users\muldi\Documents\Playground\University\senior-project-1\dataset\internet\clear\Horror movie for WOKE!!!!!.wav,623.7,624.8,none
C:\Users\muldi\Documents\Playground\University\senior-project-1\dataset\internet\clear\Horror movie for WOKE!!!!!.wav,624.8,625.9,none
C:\Users\muldi\Documents\Playground\University\senior-project-1\dataset\internet\clear\Horror movie for WOKE!!!!!.wav,625.9,627.0,none
C:\Users\muldi\Documents\Playground\University\senior-project-1\dataset\internet\clear\Horror movie for WOKE!!!!!.wav,627.0,628.1,none
C:\Users\muldi\Documents\Playground\University\senior-project-1\dataset\internet\clear\Horror movie for WOKE!!!!!.wav,628.1,629.2,none
C:\Users\muldi\Documents\Playground\University\senior-project-1\dataset\internet\clear\Horror movie for WOKE!!!!!.wav,629.2,630.3,none
C:\Users\muldi\Documents\Playground\University\senior-project-1\dataset\internet\clear\Horror movie for WOKE!!!!!.wav,630.3,631.4,none
C:\Users\muldi\Documents\Playground\University\senior-project-1\dataset\internet\clear\Horror movie for WOKE!!!!!.wav,631.4,632.5,none
C:\Users\muldi\Documents\Playground\University\senior-project-1\dataset\internet\clear\Horror movie for WOKE!!!!!.wav,632.5,633.6,none
C:\Users\muldi\Documents\Playground\University\senior-project-1\dataset\internet\clear\Horror movie for WOKE!!!!!.wav,633.6,634.7,none
C:\Users\muldi\Documents\Playground\University\senior-project-1\dataset\internet\clear\Horror movie for WOKE!!!!!.wav,634.7,635.8,none
C:\Users\muldi\Documents\Playground\University\senior-project-1\dataset\internet\clear\Horror movie for WOKE!!!!!.wav,635.8,636.9,none
C:\Users\muldi\Documents\Playground\University\senior-project-1\dataset\internet\clear\Horror movie for WOKE!!!!!.wav,636.9,638.0,none
C:\Users\muldi\Documents\Playground\University\senior-project-1\dataset\internet\clear\Horror movie for WOKE!!!!!.wav,638.0,639.1,none
C:\Users\muldi\Documents\Playground\University\senior-project-1\dataset\internet\clear\Horror movie for WOKE!!!!!.wav,639.1,640.2,none
C:\Users\muldi\Documents\Playground\University\senior-project-1\dataset\internet\clear\Horror movie for WOKE!!!!!.wav,640.2,641.3,none
C:\Users\muldi\Documents\Playground\University\senior-project-1\dataset\internet\clear\Horror movie for WOKE!!!!!.wav,641.3,642.4,none
C:\Users\muldi\Documents\Playground\University\senior-project-1\dataset\internet\clear\Horror movie for WOKE!!!!!.wav,642.4,643.5,none
C:\Users\muldi\Documents\Playground\University\senior-project-1\dataset\internet\clear\Horror movie for WOKE!!!!!.wav,643.5,644.6,none
C:\Users\muldi\Documents\Playground\University\senior-project-1\dataset\internet\clear\Horror movie for WOKE!!!!!.wav,644.6,645.7,none
C:\Users\muldi\Documents\Playground\University\senior-project-1\dataset\internet\clear\Horror movie for WOKE!!!!!.wav,645.7,646.8,none
C:\Users\muldi\Documents\Playground\University\senior-project-1\dataset\internet\clear\Horror movie for WOKE!!!!!.wav,646.8,647.9,none
C:\Users\muldi\Documents\Playground\University\senior-project-1\dataset\internet\clear\Horror movie for WOKE!!!!!.wav,647.9,649.0,none
C:\Users\muldi\Documents\Playground\University\senior-project-1\dataset\internet\clear\Horror movie for WOKE!!!!!.wav,649.0,650.1,none
C:\Users\muldi\Documents\Playground\University\senior-project-1\dataset\internet\clear\Horror movie for WOKE!!!!!.wav,650.1,651.2,none
C:\Users\muldi\Documents\Playground\University\senior-project-1\dataset\internet\clear\Horror movie for WOKE!!!!!.wav,651.2,652.3,none
C:\Users\muldi\Documents\Playground\University\senior-project-1\dataset\internet\clear\Horror movie for WOKE!!!!!.wav,652.3,653.4,มึง
C:\Users\muldi\Documents\Playground\University\senior-project-1\dataset\internet\clear\Horror movie for WOKE!!!!!.wav,653.4,654.5,none
C:\Users\muldi\Documents\Playground\University\senior-project-1\dataset\internet\clear\Horror movie for WOKE!!!!!.wav,654.5,655.6,none
C:\Users\muldi\Documents\Playground\University\senior-project-1\dataset\internet\clear\Horror movie for WOKE!!!!!.wav,655.6,656.7,none
C:\Users\muldi\Documents\Playground\University\senior-project-1\dataset\internet\clear\Horror movie for WOKE!!!!!.wav,656.7,657.8,none
C:\Users\muldi\Documents\Playground\University\senior-project-1\dataset\internet\clear\Horror movie for WOKE!!!!!.wav,657.8,658.9,none
C:\Users\muldi\Documents\Playground\University\senior-project-1\dataset\internet\clear\Horror movie for WOKE!!!!!.wav,658.9,660.0,none
C:\Users\muldi\Documents\Playground\University\senior-project-1\dataset\internet\clear\Horror movie for WOKE!!!!!.wav,660.0,661.1,none
C:\Users\muldi\Documents\Playground\University\senior-project-1\dataset\internet\clear\Horror movie for WOKE!!!!!.wav,661.1,662.2,none
C:\Users\muldi\Documents\Playground\University\senior-project-1\dataset\internet\clear\Horror movie for WOKE!!!!!.wav,662.2,663.3,none
C:\Users\muldi\Documents\Playground\University\senior-project-1\dataset\internet\clear\Horror movie for WOKE!!!!!.wav,663.3,664.4,none
C:\Users\muldi\Documents\Playground\University\senior-project-1\dataset\internet\clear\Horror movie for WOKE!!!!!.wav,664.4,665.5,none
C:\Users\muldi\Documents\Playground\University\senior-project-1\dataset\internet\clear\Horror movie for WOKE!!!!!.wav,665.5,666.6,เหี้ย
C:\Users\muldi\Documents\Playground\University\senior-project-1\dataset\internet\clear\Horror movie for WOKE!!!!!.wav,666.6,667.7,เหี้ย
C:\Users\muldi\Documents\Playground\University\senior-project-1\dataset\internet\clear\Horror movie for WOKE!!!!!.wav,667.7,668.8,none
C:\Users\muldi\Documents\Playground\University\senior-project-1\dataset\internet\clear\Horror movie for WOKE!!!!!.wav,668.8,669.9,none
C:\Users\muldi\Documents\Playground\University\senior-project-1\dataset\internet\clear\Horror movie for WOKE!!!!!.wav,669.9,671.0,เหี้ย
C:\Users\muldi\Documents\Playground\University\senior-project-1\dataset\internet\clear\Horror movie for WOKE!!!!!.wav,671.0,672.1,none
C:\Users\muldi\Documents\Playground\University\senior-project-1\dataset\internet\clear\Horror movie for WOKE!!!!!.wav,672.1,673.2,none
C:\Users\muldi\Documents\Playground\University\senior-project-1\dataset\internet\clear\Horror movie for WOKE!!!!!.wav,673.2,674.3,none
C:\Users\muldi\Documents\Playground\University\senior-project-1\dataset\internet\clear\Horror movie for WOKE!!!!!.wav,674.3,675.4,none
C:\Users\muldi\Documents\Playground\University\senior-project-1\dataset\internet\clear\Horror movie for WOKE!!!!!.wav,675.4,676.5,none
C:\Users\muldi\Documents\Playground\University\senior-project-1\dataset\internet\clear\Horror movie for WOKE!!!!!.wav,676.5,677.6,none
C:\Users\muldi\Documents\Playground\University\senior-project-1\dataset\internet\clear\Horror movie for WOKE!!!!!.wav,677.6,678.7,none
C:\Users\muldi\Documents\Playground\University\senior-project-1\dataset\internet\clear\Horror movie for WOKE!!!!!.wav,678.7,679.8,none
C:\Users\muldi\Documents\Playground\University\senior-project-1\dataset\internet\clear\Horror movie for WOKE!!!!!.wav,679.8,680.9,none
C:\Users\muldi\Documents\Playground\University\senior-project-1\dataset\internet\clear\Horror movie for WOKE!!!!!.wav,680.9,682.0,none
C:\Users\muldi\Documents\Playground\University\senior-project-1\dataset\internet\clear\Horror movie for WOKE!!!!!.wav,682.0,683.1,none
C:\Users\muldi\Documents\Playground\University\senior-project-1\dataset\internet\clear\Horror movie for WOKE!!!!!.wav,683.1,684.2,none
C:\Users\muldi\Documents\Playground\University\senior-project-1\dataset\internet\clear\Horror movie for WOKE!!!!!.wav,684.2,685.3,none
C:\Users\muldi\Documents\Playground\University\senior-project-1\dataset\internet\clear\Horror movie for WOKE!!!!!.wav,685.3,686.4,none
C:\Users\muldi\Documents\Playground\University\senior-project-1\dataset\internet\clear\Horror movie for WOKE!!!!!.wav,686.4,687.5,none
C:\Users\muldi\Documents\Playground\University\senior-project-1\dataset\internet\clear\Horror movie for WOKE!!!!!.wav,687.5,688.6,none
C:\Users\muldi\Documents\Playground\University\senior-project-1\dataset\internet\clear\Horror movie for WOKE!!!!!.wav,688.6,689.7,none
C:\Users\muldi\Documents\Playground\University\senior-project-1\dataset\internet\clear\Horror movie for WOKE!!!!!.wav,689.7,690.8,none
C:\Users\muldi\Documents\Playground\University\senior-project-1\dataset\internet\clear\Horror movie for WOKE!!!!!.wav,690.8,691.9,none
C:\Users\muldi\Documents\Playground\University\senior-project-1\dataset\internet\clear\Horror movie for WOKE!!!!!.wav,691.9,693.0,none
C:\Users\muldi\Documents\Playground\University\senior-project-1\dataset\internet\clear\Horror movie for WOKE!!!!!.wav,693.0,694.1,none
C:\Users\muldi\Documents\Playground\University\senior-project-1\dataset\internet\clear\Horror movie for WOKE!!!!!.wav,694.1,695.2,none
C:\Users\muldi\Documents\Playground\University\senior-project-1\dataset\internet\clear\Horror movie for WOKE!!!!!.wav,695.2,696.3,none
C:\Users\muldi\Documents\Playground\University\senior-project-1\dataset\internet\clear\Horror movie for WOKE!!!!!.wav,696.3,697.4,none
C:\Users\muldi\Documents\Playground\University\senior-project-1\dataset\internet\clear\Horror movie for WOKE!!!!!.wav,697.4,698.5,none
C:\Users\muldi\Documents\Playground\University\senior-project-1\dataset\internet\clear\Horror movie for WOKE!!!!!.wav,698.5,699.6,none
C:\Users\muldi\Documents\Playground\University\senior-project-1\dataset\internet\clear\Horror movie for WOKE!!!!!.wav,699.6,700.7,none
C:\Users\muldi\Documents\Playground\University\senior-project-1\dataset\internet\clear\Horror movie for WOKE!!!!!.wav,700.7,701.8,none
C:\Users\muldi\Documents\Playground\University\senior-project-1\dataset\internet\clear\Horror movie for WOKE!!!!!.wav,701.8,702.9,none
C:\Users\muldi\Documents\Playground\University\senior-project-1\dataset\internet\clear\Horror movie for WOKE!!!!!.wav,702.9,704.0,none
C:\Users\muldi\Documents\Playground\University\senior-project-1\dataset\internet\clear\Horror movie for WOKE!!!!!.wav,704.0,705.1,none
C:\Users\muldi\Documents\Playground\University\senior-project-1\dataset\internet\clear\Horror movie for WOKE!!!!!.wav,705.1,706.2,none
C:\Users\muldi\Documents\Playground\University\senior-project-1\dataset\internet\clear\Horror movie for WOKE!!!!!.wav,706.2,707.3,none
C:\Users\muldi\Documents\Playground\University\senior-project-1\dataset\internet\clear\Horror movie for WOKE!!!!!.wav,707.3,708.4,none
C:\Users\muldi\Documents\Playground\University\senior-project-1\dataset\internet\clear\Horror movie for WOKE!!!!!.wav,708.4,709.5,none
C:\Users\muldi\Documents\Playground\University\senior-project-1\dataset\internet\clear\Horror movie for WOKE!!!!!.wav,709.5,710.6,none
C:\Users\muldi\Documents\Playground\University\senior-project-1\dataset\internet\clear\Horror movie for WOKE!!!!!.wav,710.6,711.7,none
C:\Users\muldi\Documents\Playground\University\senior-project-1\dataset\internet\clear\Horror movie for WOKE!!!!!.wav,711.7,712.8,none
C:\Users\muldi\Documents\Playground\University\senior-project-1\dataset\internet\clear\Horror movie for WOKE!!!!!.wav,712.8,713.9,none
C:\Users\muldi\Documents\Playground\University\senior-project-1\dataset\internet\clear\Horror movie for WOKE!!!!!.wav,713.9,715.0,none
C:\Users\muldi\Documents\Playground\University\senior-project-1\dataset\internet\clear\Horror movie for WOKE!!!!!.wav,715.0,716.1,none
C:\Users\muldi\Documents\Playground\University\senior-project-1\dataset\internet\clear\Horror movie for WOKE!!!!!.wav,716.1,717.2,none
C:\Users\muldi\Documents\Playground\University\senior-project-1\dataset\internet\clear\Horror movie for WOKE!!!!!.wav,717.2,718.3,none
C:\Users\muldi\Documents\Playground\University\senior-project-1\dataset\internet\clear\Horror movie for WOKE!!!!!.wav,718.3,719.4,none
C:\Users\muldi\Documents\Playground\University\senior-project-1\dataset\internet\clear\Horror movie for WOKE!!!!!.wav,719.4,720.5,none
C:\Users\muldi\Documents\Playground\University\senior-project-1\dataset\internet\clear\Horror movie for WOKE!!!!!.wav,720.5,721.6,none
C:\Users\muldi\Documents\Playground\University\senior-project-1\dataset\internet\clear\Horror movie for WOKE!!!!!.wav,721.6,722.7,none
C:\Users\muldi\Documents\Playground\University\senior-project-1\dataset\internet\clear\Horror movie for WOKE!!!!!.wav,722.7,723.8,none
C:\Users\muldi\Documents\Playground\University\senior-project-1\dataset\internet\clear\Horror movie for WOKE!!!!!.wav,723.8,724.9,เหี้ย
C:\Users\muldi\Documents\Playground\University\senior-project-1\dataset\internet\clear\Horror movie for WOKE!!!!!.wav,724.9,726.0,none
C:\Users\muldi\Documents\Playground\University\senior-project-1\dataset\internet\clear\Horror movie for WOKE!!!!!.wav,726.0,727.1,none
C:\Users\muldi\Documents\Playground\University\senior-project-1\dataset\internet\clear\Horror movie for WOKE!!!!!.wav,727.1,728.2,none
C:\Users\muldi\Documents\Playground\University\senior-project-1\dataset\internet\clear\Horror movie for WOKE!!!!!.wav,728.2,729.3,none
C:\Users\muldi\Documents\Playground\University\senior-project-1\dataset\internet\clear\Horror movie for WOKE!!!!!.wav,729.3,730.4,กู
C:\Users\muldi\Documents\Playground\University\senior-project-1\dataset\internet\clear\Horror movie for WOKE!!!!!.wav,730.4,731.5,none
C:\Users\muldi\Documents\Playground\University\senior-project-1\dataset\internet\clear\Horror movie for WOKE!!!!!.wav,731.5,732.6,เหี้ย
C:\Users\muldi\Documents\Playground\University\senior-project-1\dataset\internet\clear\Horror movie for WOKE!!!!!.wav,732.6,733.7,none
C:\Users\muldi\Documents\Playground\University\senior-project-1\dataset\internet\clear\Horror movie for WOKE!!!!!.wav,733.7,734.8,none
C:\Users\muldi\Documents\Playground\University\senior-project-1\dataset\internet\clear\Horror movie for WOKE!!!!!.wav,734.8,735.9,none
C:\Users\muldi\Documents\Playground\University\senior-project-1\dataset\internet\clear\Horror movie for WOKE!!!!!.wav,735.9,737.0,none
C:\Users\muldi\Documents\Playground\University\senior-project-1\dataset\internet\clear\Horror movie for WOKE!!!!!.wav,737.0,738.1,none
C:\Users\muldi\Documents\Playground\University\senior-project-1\dataset\internet\clear\Horror movie for WOKE!!!!!.wav,738.1,739.2,none
C:\Users\muldi\Documents\Playground\University\senior-project-1\dataset\internet\clear\Horror movie for WOKE!!!!!.wav,739.2,740.3,none
C:\Users\muldi\Documents\Playground\University\senior-project-1\dataset\internet\clear\Horror movie for WOKE!!!!!.wav,740.3,741.4,none
C:\Users\muldi\Documents\Playground\University\senior-project-1\dataset\internet\clear\Horror movie for WOKE!!!!!.wav,741.4,742.5,none
C:\Users\muldi\Documents\Playground\University\senior-project-1\dataset\internet\clear\Horror movie for WOKE!!!!!.wav,742.5,743.6,none
C:\Users\muldi\Documents\Playground\University\senior-project-1\dataset\internet\clear\Horror movie for WOKE!!!!!.wav,743.6,744.7,none
C:\Users\muldi\Documents\Playground\University\senior-project-1\dataset\internet\clear\Horror movie for WOKE!!!!!.wav,744.7,745.8,none
C:\Users\muldi\Documents\Playground\University\senior-project-1\dataset\internet\clear\Horror movie for WOKE!!!!!.wav,745.8,746.9,none
C:\Users\muldi\Documents\Playground\University\senior-project-1\dataset\internet\clear\Horror movie for WOKE!!!!!.wav,746.9,748.0,none
C:\Users\muldi\Documents\Playground\University\senior-project-1\dataset\internet\clear\Horror movie for WOKE!!!!!.wav,748.0,749.1,none
C:\Users\muldi\Documents\Playground\University\senior-project-1\dataset\internet\clear\Horror movie for WOKE!!!!!.wav,749.1,750.2,none
C:\Users\muldi\Documents\Playground\University\senior-project-1\dataset\internet\clear\Horror movie for WOKE!!!!!.wav,750.2,751.3,none
C:\Users\muldi\Documents\Playground\University\senior-project-1\dataset\internet\clear\Horror movie for WOKE!!!!!.wav,751.3,752.4,none
C:\Users\muldi\Documents\Playground\University\senior-project-1\dataset\internet\clear\Horror movie for WOKE!!!!!.wav,752.4,753.5,none
C:\Users\muldi\Documents\Playground\University\senior-project-1\dataset\internet\clear\Horror movie for WOKE!!!!!.wav,753.5,754.6,none
C:\Users\muldi\Documents\Playground\University\senior-project-1\dataset\internet\clear\Horror movie for WOKE!!!!!.wav,754.6,755.7,none
C:\Users\muldi\Documents\Playground\University\senior-project-1\dataset\internet\clear\Horror movie for WOKE!!!!!.wav,755.7,756.8,none
C:\Users\muldi\Documents\Playground\University\senior-project-1\dataset\internet\clear\Horror movie for WOKE!!!!!.wav,756.8,757.9,none
C:\Users\muldi\Documents\Playground\University\senior-project-1\dataset\internet\clear\Horror movie for WOKE!!!!!.wav,757.9,759.0,none
C:\Users\muldi\Documents\Playground\University\senior-project-1\dataset\internet\clear\Horror movie for WOKE!!!!!.wav,759.0,760.1,none
C:\Users\muldi\Documents\Playground\University\senior-project-1\dataset\internet\clear\Horror movie for WOKE!!!!!.wav,760.1,761.2,none
C:\Users\muldi\Documents\Playground\University\senior-project-1\dataset\internet\clear\Horror movie for WOKE!!!!!.wav,761.2,762.3,none
C:\Users\muldi\Documents\Playground\University\senior-project-1\dataset\internet\clear\Horror movie for WOKE!!!!!.wav,762.3,763.4,none
C:\Users\muldi\Documents\Playground\University\senior-project-1\dataset\internet\clear\Horror movie for WOKE!!!!!.wav,763.4,764.5,none
C:\Users\muldi\Documents\Playground\University\senior-project-1\dataset\internet\clear\Horror movie for WOKE!!!!!.wav,764.5,765.6,none
C:\Users\muldi\Documents\Playground\University\senior-project-1\dataset\internet\clear\Horror movie for WOKE!!!!!.wav,765.6,766.7,none
C:\Users\muldi\Documents\Playground\University\senior-project-1\dataset\internet\clear\Horror movie for WOKE!!!!!.wav,766.7,767.8,none
C:\Users\muldi\Documents\Playground\University\senior-project-1\dataset\internet\clear\Horror movie for WOKE!!!!!.wav,767.8,768.9,none
C:\Users\muldi\Documents\Playground\University\senior-project-1\dataset\internet\clear\Horror movie for WOKE!!!!!.wav,768.9,770.0,none
C:\Users\muldi\Documents\Playground\University\senior-project-1\dataset\internet\clear\Horror movie for WOKE!!!!!.wav,770.0,771.1,none
C:\Users\muldi\Documents\Playground\University\senior-project-1\dataset\internet\clear\Horror movie for WOKE!!!!!.wav,771.1,772.2,none
C:\Users\muldi\Documents\Playground\University\senior-project-1\dataset\internet\clear\Horror movie for WOKE!!!!!.wav,772.2,773.3,none
C:\Users\muldi\Documents\Playground\University\senior-project-1\dataset\internet\clear\Horror movie for WOKE!!!!!.wav,773.3,774.4,none
C:\Users\muldi\Documents\Playground\University\senior-project-1\dataset\internet\clear\Horror movie for WOKE!!!!!.wav,774.4,775.5,none
C:\Users\muldi\Documents\Playground\University\senior-project-1\dataset\internet\clear\Horror movie for WOKE!!!!!.wav,775.5,776.6,none
C:\Users\muldi\Documents\Playground\University\senior-project-1\dataset\internet\clear\Horror movie for WOKE!!!!!.wav,776.6,777.7,none
C:\Users\muldi\Documents\Playground\University\senior-project-1\dataset\internet\clear\Horror movie for WOKE!!!!!.wav,777.7,778.8,none
C:\Users\muldi\Documents\Playground\University\senior-project-1\dataset\internet\clear\Horror movie for WOKE!!!!!.wav,778.8,779.9,none
C:\Users\muldi\Documents\Playground\University\senior-project-1\dataset\internet\clear\Horror movie for WOKE!!!!!.wav,779.9,781.0,none
C:\Users\muldi\Documents\Playground\University\senior-project-1\dataset\internet\clear\Horror movie for WOKE!!!!!.wav,781.0,782.1,none
C:\Users\muldi\Documents\Playground\University\senior-project-1\dataset\internet\clear\Horror movie for WOKE!!!!!.wav,782.1,783.2,none
C:\Users\muldi\Documents\Playground\University\senior-project-1\dataset\internet\clear\Horror movie for WOKE!!!!!.wav,783.2,784.3,none
C:\Users\muldi\Documents\Playground\University\senior-project-1\dataset\internet\clear\Horror movie for WOKE!!!!!.wav,784.3,785.4,none
C:\Users\muldi\Documents\Playground\University\senior-project-1\dataset\internet\clear\Horror movie for WOKE!!!!!.wav,785.4,786.5,none
C:\Users\muldi\Documents\Playground\University\senior-project-1\dataset\internet\clear\Horror movie for WOKE!!!!!.wav,786.5,787.6,none
C:\Users\muldi\Documents\Playground\University\senior-project-1\dataset\internet\clear\Horror movie for WOKE!!!!!.wav,787.6,788.7,none
C:\Users\muldi\Documents\Playground\University\senior-project-1\dataset\internet\clear\Horror movie for WOKE!!!!!.wav,788.7,789.8,none
C:\Users\muldi\Documents\Playground\University\senior-project-1\dataset\internet\clear\Horror movie for WOKE!!!!!.wav,789.8,790.9,none
C:\Users\muldi\Documents\Playground\University\senior-project-1\dataset\internet\clear\Horror movie for WOKE!!!!!.wav,790.9,792.0,none
C:\Users\muldi\Documents\Playground\University\senior-project-1\dataset\internet\clear\Horror movie for WOKE!!!!!.wav,792.0,793.1,none
C:\Users\muldi\Documents\Playground\University\senior-project-1\dataset\internet\clear\Horror movie for WOKE!!!!!.wav,793.1,794.2,none
C:\Users\muldi\Documents\Playground\University\senior-project-1\dataset\internet\clear\Horror movie for WOKE!!!!!.wav,794.2,795.3,none
C:\Users\muldi\Documents\Playground\University\senior-project-1\dataset\internet\clear\Horror movie for WOKE!!!!!.wav,795.3,796.4,none
C:\Users\muldi\Documents\Playground\University\senior-project-1\dataset\internet\clear\Horror movie for WOKE!!!!!.wav,796.4,797.5,none
C:\Users\muldi\Documents\Playground\University\senior-project-1\dataset\internet\clear\Horror movie for WOKE!!!!!.wav,797.5,798.6,none
C:\Users\muldi\Documents\Playground\University\senior-project-1\dataset\internet\clear\Horror movie for WOKE!!!!!.wav,798.6,799.7,none
C:\Users\muldi\Documents\Playground\University\senior-project-1\dataset\internet\clear\Horror movie for WOKE!!!!!.wav,799.7,800.8,none
C:\Users\muldi\Documents\Playground\University\senior-project-1\dataset\internet\clear\Horror movie for WOKE!!!!!.wav,800.8,801.9,none
C:\Users\muldi\Documents\Playground\University\senior-project-1\dataset\internet\clear\Horror movie for WOKE!!!!!.wav,801.9,803.0,none
C:\Users\muldi\Documents\Playground\University\senior-project-1\dataset\internet\clear\Horror movie for WOKE!!!!!.wav,803.0,804.1,none
C:\Users\muldi\Documents\Playground\University\senior-project-1\dataset\internet\clear\Horror movie for WOKE!!!!!.wav,804.1,805.2,มึง
C:\Users\muldi\Documents\Playground\University\senior-project-1\dataset\internet\clear\Horror movie for WOKE!!!!!.wav,805.2,806.3,none
C:\Users\muldi\Documents\Playground\University\senior-project-1\dataset\internet\clear\Horror movie for WOKE!!!!!.wav,806.3,807.4,none
C:\Users\muldi\Documents\Playground\University\senior-project-1\dataset\internet\clear\Horror movie for WOKE!!!!!.wav,807.4,808.5,เหี้ย
C:\Users\muldi\Documents\Playground\University\senior-project-1\dataset\internet\clear\Horror movie for WOKE!!!!!.wav,808.5,809.6,none
C:\Users\muldi\Documents\Playground\University\senior-project-1\dataset\internet\clear\Horror movie for WOKE!!!!!.wav,809.6,810.7,none
C:\Users\muldi\Documents\Playground\University\senior-project-1\dataset\internet\clear\Horror movie for WOKE!!!!!.wav,810.7,811.8,none
C:\Users\muldi\Documents\Playground\University\senior-project-1\dataset\internet\clear\Horror movie for WOKE!!!!!.wav,811.8,812.9,เย็ด
C:\Users\muldi\Documents\Playground\University\senior-project-1\dataset\internet\clear\Horror movie for WOKE!!!!!.wav,812.9,814.0,กู
C:\Users\muldi\Documents\Playground\University\senior-project-1\dataset\internet\clear\Horror movie for WOKE!!!!!.wav,814.0,815.1,none
C:\Users\muldi\Documents\Playground\University\senior-project-1\dataset\internet\clear\Horror movie for WOKE!!!!!.wav,815.1,816.2,none
C:\Users\muldi\Documents\Playground\University\senior-project-1\dataset\internet\clear\Horror movie for WOKE!!!!!.wav,816.2,817.3,none
C:\Users\muldi\Documents\Playground\University\senior-project-1\dataset\internet\clear\Horror movie for WOKE!!!!!.wav,817.3,818.4,none
C:\Users\muldi\Documents\Playground\University\senior-project-1\dataset\internet\clear\Horror movie for WOKE!!!!!.wav,818.4,819.5,none
C:\Users\muldi\Documents\Playground\University\senior-project-1\dataset\internet\clear\Horror movie for WOKE!!!!!.wav,819.5,820.6,มึง
C:\Users\muldi\Documents\Playground\University\senior-project-1\dataset\internet\clear\Horror movie for WOKE!!!!!.wav,820.6,821.7,none
C:\Users\muldi\Documents\Playground\University\senior-project-1\dataset\internet\clear\Horror movie for WOKE!!!!!.wav,821.7,822.8,none
C:\Users\muldi\Documents\Playground\University\senior-project-1\dataset\internet\clear\Horror movie for WOKE!!!!!.wav,822.8,823.9,none
C:\Users\muldi\Documents\Playground\University\senior-project-1\dataset\internet\clear\Horror movie for WOKE!!!!!.wav,823.9,825.0,กู
C:\Users\muldi\Documents\Playground\University\senior-project-1\dataset\internet\clear\Horror movie for WOKE!!!!!.wav,825.0,826.1,มึง
C:\Users\muldi\Documents\Playground\University\senior-project-1\dataset\internet\clear\Horror movie for WOKE!!!!!.wav,826.1,827.2,มึง
C:\Users\muldi\Documents\Playground\University\senior-project-1\dataset\internet\clear\Horror movie for WOKE!!!!!.wav,827.2,828.3,none
C:\Users\muldi\Documents\Playground\University\senior-project-1\dataset\internet\clear\Horror movie for WOKE!!!!!.wav,828.3,829.4,none
C:\Users\muldi\Documents\Playground\University\senior-project-1\dataset\internet\clear\Horror movie for WOKE!!!!!.wav,829.4,830.5,none
C:\Users\muldi\Documents\Playground\University\senior-project-1\dataset\internet\clear\Horror movie for WOKE!!!!!.wav,830.5,831.6,none
C:\Users\muldi\Documents\Playground\University\senior-project-1\dataset\internet\clear\Horror movie for WOKE!!!!!.wav,831.6,832.7,none
C:\Users\muldi\Documents\Playground\University\senior-project-1\dataset\internet\clear\Horror movie for WOKE!!!!!.wav,832.7,833.8,none
C:\Users\muldi\Documents\Playground\University\senior-project-1\dataset\internet\clear\Horror movie for WOKE!!!!!.wav,833.8,834.9,none
C:\Users\muldi\Documents\Playground\University\senior-project-1\dataset\internet\clear\Horror movie for WOKE!!!!!.wav,834.9,836.0,none
C:\Users\muldi\Documents\Playground\University\senior-project-1\dataset\internet\clear\Horror movie for WOKE!!!!!.wav,836.0,837.1,none
C:\Users\muldi\Documents\Playground\University\senior-project-1\dataset\internet\clear\Horror movie for WOKE!!!!!.wav,837.1,838.2,none
C:\Users\muldi\Documents\Playground\University\senior-project-1\dataset\internet\clear\Horror movie for WOKE!!!!!.wav,838.2,839.3,none
C:\Users\muldi\Documents\Playground\University\senior-project-1\dataset\internet\clear\Horror movie for WOKE!!!!!.wav,839.3,840.4,none
C:\Users\muldi\Documents\Playground\University\senior-project-1\dataset\internet\clear\Horror movie for WOKE!!!!!.wav,840.4,841.5,none
C:\Users\muldi\Documents\Playground\University\senior-project-1\dataset\internet\clear\Horror movie for WOKE!!!!!.wav,841.5,842.6,none
C:\Users\muldi\Documents\Playground\University\senior-project-1\dataset\internet\clear\Horror movie for WOKE!!!!!.wav,842.6,843.7,none
C:\Users\muldi\Documents\Playground\University\senior-project-1\dataset\internet\clear\Horror movie for WOKE!!!!!.wav,843.7,844.8,none
C:\Users\muldi\Documents\Playground\University\senior-project-1\dataset\internet\clear\Horror movie for WOKE!!!!!.wav,844.8,845.9,none
C:\Users\muldi\Documents\Playground\University\senior-project-1\dataset\internet\clear\Horror movie for WOKE!!!!!.wav,845.9,847.0,none
C:\Users\muldi\Documents\Playground\University\senior-project-1\dataset\internet\clear\Horror movie for WOKE!!!!!.wav,847.0,848.1,none
C:\Users\muldi\Documents\Playground\University\senior-project-1\dataset\internet\clear\Horror movie for WOKE!!!!!.wav,848.1,849.2,none
C:\Users\muldi\Documents\Playground\University\senior-project-1\dataset\internet\clear\Horror movie for WOKE!!!!!.wav,849.2,850.3,none
C:\Users\muldi\Documents\Playground\University\senior-project-1\dataset\internet\clear\Horror movie for WOKE!!!!!.wav,850.3,851.4,none
C:\Users\muldi\Documents\Playground\University\senior-project-1\dataset\internet\clear\Horror movie for WOKE!!!!!.wav,851.4,852.5,none
C:\Users\muldi\Documents\Playground\University\senior-project-1\dataset\internet\clear\Horror movie for WOKE!!!!!.wav,852.5,853.6,none
C:\Users\muldi\Documents\Playground\University\senior-project-1\dataset\internet\clear\Horror movie for WOKE!!!!!.wav,853.6,854.7,none
C:\Users\muldi\Documents\Playground\University\senior-project-1\dataset\internet\clear\Horror movie for WOKE!!!!!.wav,854.7,855.8,none
C:\Users\muldi\Documents\Playground\University\senior-project-1\dataset\internet\clear\Horror movie for WOKE!!!!!.wav,855.8,856.9,none
C:\Users\muldi\Documents\Playground\University\senior-project-1\dataset\internet\clear\Horror movie for WOKE!!!!!.wav,856.9,858.0,มึง
C:\Users\muldi\Documents\Playground\University\senior-project-1\dataset\internet\clear\Horror movie for WOKE!!!!!.wav,858.0,859.1,กู
C:\Users\muldi\Documents\Playground\University\senior-project-1\dataset\internet\clear\Horror movie for WOKE!!!!!.wav,859.1,860.2,none
C:\Users\muldi\Documents\Playground\University\senior-project-1\dataset\internet\clear\Horror movie for WOKE!!!!!.wav,860.2,861.3,เหี้ย
C:\Users\muldi\Documents\Playground\University\senior-project-1\dataset\internet\clear\Horror movie for WOKE!!!!!.wav,861.3,862.4,none
C:\Users\muldi\Documents\Playground\University\senior-project-1\dataset\internet\clear\Horror movie for WOKE!!!!!.wav,862.4,863.5,none
C:\Users\muldi\Documents\Playground\University\senior-project-1\dataset\internet\clear\Horror movie for WOKE!!!!!.wav,863.5,864.6,none
C:\Users\muldi\Documents\Playground\University\senior-project-1\dataset\internet\clear\Horror movie for WOKE!!!!!.wav,864.6,865.7,none
C:\Users\muldi\Documents\Playground\University\senior-project-1\dataset\internet\clear\Horror movie for WOKE!!!!!.wav,865.7,866.8,none
C:\Users\muldi\Documents\Playground\University\senior-project-1\dataset\internet\clear\Horror movie for WOKE!!!!!.wav,866.8,867.9,none
C:\Users\muldi\Documents\Playground\University\senior-project-1\dataset\internet\clear\Horror movie for WOKE!!!!!.wav,867.9,869.0,กู
C:\Users\muldi\Documents\Playground\University\senior-project-1\dataset\internet\clear\Horror movie for WOKE!!!!!.wav,869.0,870.1,none
C:\Users\muldi\Documents\Playground\University\senior-project-1\dataset\internet\clear\Horror movie for WOKE!!!!!.wav,870.1,871.2,none
C:\Users\muldi\Documents\Playground\University\senior-project-1\dataset\internet\clear\Horror movie for WOKE!!!!!.wav,871.2,872.3,มึง
C:\Users\muldi\Documents\Playground\University\senior-project-1\dataset\internet\clear\Horror movie for WOKE!!!!!.wav,872.3,873.4,none
C:\Users\muldi\Documents\Playground\University\senior-project-1\dataset\internet\clear\Horror movie for WOKE!!!!!.wav,873.4,874.5,มึง
C:\Users\muldi\Documents\Playground\University\senior-project-1\dataset\internet\clear\Horror movie for WOKE!!!!!.wav,874.5,875.6,none
C:\Users\muldi\Documents\Playground\University\senior-project-1\dataset\internet\clear\Horror movie for WOKE!!!!!.wav,875.6,876.7,none
C:\Users\muldi\Documents\Playground\University\senior-project-1\dataset\internet\clear\Horror movie for WOKE!!!!!.wav,876.7,877.8,none
C:\Users\muldi\Documents\Playground\University\senior-project-1\dataset\internet\clear\Horror movie for WOKE!!!!!.wav,877.8,878.9,none
C:\Users\muldi\Documents\Playground\University\senior-project-1\dataset\internet\clear\Horror movie for WOKE!!!!!.wav,878.9,880.0,มึง
C:\Users\muldi\Documents\Playground\University\senior-project-1\dataset\internet\clear\Horror movie for WOKE!!!!!.wav,880.0,881.1,none
C:\Users\muldi\Documents\Playground\University\senior-project-1\dataset\internet\clear\Horror movie for WOKE!!!!!.wav,881.1,882.2,none
C:\Users\muldi\Documents\Playground\University\senior-project-1\dataset\internet\clear\Horror movie for WOKE!!!!!.wav,882.2,883.3,none
C:\Users\muldi\Documents\Playground\University\senior-project-1\dataset\internet\clear\Horror movie for WOKE!!!!!.wav,883.3,884.4,มึง
C:\Users\muldi\Documents\Playground\University\senior-project-1\dataset\internet\clear\Horror movie for WOKE!!!!!.wav,884.4,885.5,none
C:\Users\muldi\Documents\Playground\University\senior-project-1\dataset\internet\clear\Horror movie for WOKE!!!!!.wav,885.5,886.6,none
C:\Users\muldi\Documents\Playground\University\senior-project-1\dataset\internet\clear\Horror movie for WOKE!!!!!.wav,886.6,887.7,none
C:\Users\muldi\Documents\Playground\University\senior-project-1\dataset\internet\clear\Horror movie for WOKE!!!!!.wav,887.7,888.8,none
C:\Users\muldi\Documents\Playground\University\senior-project-1\dataset\internet\clear\Horror movie for WOKE!!!!!.wav,888.8,889.9,none
C:\Users\muldi\Documents\Playground\University\senior-project-1\dataset\internet\clear\Horror movie for WOKE!!!!!.wav,889.9,891.0,none
C:\Users\muldi\Documents\Playground\University\senior-project-1\dataset\internet\clear\Horror movie for WOKE!!!!!.wav,891.0,892.1,none
C:\Users\muldi\Documents\Playground\University\senior-project-1\dataset\internet\clear\Horror movie for WOKE!!!!!.wav,892.1,893.2,none
C:\Users\muldi\Documents\Playground\University\senior-project-1\dataset\internet\clear\Horror movie for WOKE!!!!!.wav,893.2,894.3,none
C:\Users\muldi\Documents\Playground\University\senior-project-1\dataset\internet\clear\Horror movie for WOKE!!!!!.wav,894.3,895.4,none
C:\Users\muldi\Documents\Playground\University\senior-project-1\dataset\internet\clear\Horror movie for WOKE!!!!!.wav,895.4,896.5,เหี้ย
C:\Users\muldi\Documents\Playground\University\senior-project-1\dataset\internet\clear\Horror movie for WOKE!!!!!.wav,896.5,897.6,none
C:\Users\muldi\Documents\Playground\University\senior-project-1\dataset\internet\clear\Horror movie for WOKE!!!!!.wav,897.6,898.7,none
C:\Users\muldi\Documents\Playground\University\senior-project-1\dataset\internet\clear\Horror movie for WOKE!!!!!.wav,898.7,899.8,none
C:\Users\muldi\Documents\Playground\University\senior-project-1\dataset\internet\clear\Horror movie for WOKE!!!!!.wav,899.8,900.9,none
C:\Users\muldi\Documents\Playground\University\senior-project-1\dataset\internet\clear\Horror movie for WOKE!!!!!.wav,900.9,902.0,none
C:\Users\muldi\Documents\Playground\University\senior-project-1\dataset\internet\clear\Horror movie for WOKE!!!!!.wav,902.0,903.1,none
C:\Users\muldi\Documents\Playground\University\senior-project-1\dataset\internet\clear\Horror movie for WOKE!!!!!.wav,903.1,904.2,none
C:\Users\muldi\Documents\Playground\University\senior-project-1\dataset\internet\clear\Horror movie for WOKE!!!!!.wav,904.2,905.3,none
C:\Users\muldi\Documents\Playground\University\senior-project-1\dataset\internet\clear\Horror movie for WOKE!!!!!.wav,905.3,906.4,none
C:\Users\muldi\Documents\Playground\University\senior-project-1\dataset\internet\clear\Horror movie for WOKE!!!!!.wav,906.4,907.5,none
C:\Users\muldi\Documents\Playground\University\senior-project-1\dataset\internet\clear\Horror movie for WOKE!!!!!.wav,907.5,908.6,none
C:\Users\muldi\Documents\Playground\University\senior-project-1\dataset\internet\clear\Horror movie for WOKE!!!!!.wav,908.6,909.7,none
C:\Users\muldi\Documents\Playground\University\senior-project-1\dataset\internet\clear\Horror movie for WOKE!!!!!.wav,909.7,910.8,none
C:\Users\muldi\Documents\Playground\University\senior-project-1\dataset\internet\clear\Horror movie for WOKE!!!!!.wav,910.8,911.9,none
C:\Users\muldi\Documents\Playground\University\senior-project-1\dataset\internet\clear\Horror movie for WOKE!!!!!.wav,911.9,913.0,none
C:\Users\muldi\Documents\Playground\University\senior-project-1\dataset\internet\clear\Horror movie for WOKE!!!!!.wav,913.0,914.1,none
C:\Users\muldi\Documents\Playground\University\senior-project-1\dataset\internet\clear\Horror movie for WOKE!!!!!.wav,914.1,915.2,none
C:\Users\muldi\Documents\Playground\University\senior-project-1\dataset\internet\clear\Horror movie for WOKE!!!!!.wav,915.2,916.3,none
C:\Users\muldi\Documents\Playground\University\senior-project-1\dataset\internet\clear\Horror movie for WOKE!!!!!.wav,916.3,917.4,none
C:\Users\muldi\Documents\Playground\University\senior-project-1\dataset\internet\clear\Horror movie for WOKE!!!!!.wav,917.4,918.5,เหี้ย
C:\Users\muldi\Documents\Playground\University\senior-project-1\dataset\internet\clear\Horror movie for WOKE!!!!!.wav,918.5,919.6,none
C:\Users\muldi\Documents\Playground\University\senior-project-1\dataset\internet\clear\Horror movie for WOKE!!!!!.wav,919.6,920.7,none
C:\Users\muldi\Documents\Playground\University\senior-project-1\dataset\internet\clear\Horror movie for WOKE!!!!!.wav,920.7,921.8,none
C:\Users\muldi\Documents\Playground\University\senior-project-1\dataset\internet\clear\Horror movie for WOKE!!!!!.wav,921.8,922.9,none
C:\Users\muldi\Documents\Playground\University\senior-project-1\dataset\internet\clear\Horror movie for WOKE!!!!!.wav,922.9,924.0,none
C:\Users\muldi\Documents\Playground\University\senior-project-1\dataset\internet\clear\Horror movie for WOKE!!!!!.wav,924.0,925.1,none
C:\Users\muldi\Documents\Playground\University\senior-project-1\dataset\internet\clear\Horror movie for WOKE!!!!!.wav,925.1,926.2,กู
C:\Users\muldi\Documents\Playground\University\senior-project-1\dataset\internet\clear\Horror movie for WOKE!!!!!.wav,926.2,927.3,มึง
C:\Users\muldi\Documents\Playground\University\senior-project-1\dataset\internet\clear\Horror movie for WOKE!!!!!.wav,927.3,928.4,none
C:\Users\muldi\Documents\Playground\University\senior-project-1\dataset\internet\clear\Horror movie for WOKE!!!!!.wav,928.4,929.5,none
C:\Users\muldi\Documents\Playground\University\senior-project-1\dataset\internet\clear\Horror movie for WOKE!!!!!.wav,929.5,930.6,none
C:\Users\muldi\Documents\Playground\University\senior-project-1\dataset\internet\clear\Horror movie for WOKE!!!!!.wav,930.6,931.7,none
C:\Users\muldi\Documents\Playground\University\senior-project-1\dataset\internet\clear\Horror movie for WOKE!!!!!.wav,931.7,932.8,none
C:\Users\muldi\Documents\Playground\University\senior-project-1\dataset\internet\clear\Horror movie for WOKE!!!!!.wav,932.8,933.9,none
C:\Users\muldi\Documents\Playground\University\senior-project-1\dataset\internet\clear\Horror movie for WOKE!!!!!.wav,933.9,935.0,none
C:\Users\muldi\Documents\Playground\University\senior-project-1\dataset\internet\clear\Horror movie for WOKE!!!!!.wav,935.0,936.1,none
C:\Users\muldi\Documents\Playground\University\senior-project-1\dataset\internet\clear\Horror movie for WOKE!!!!!.wav,936.1,937.2,none
C:\Users\muldi\Documents\Playground\University\senior-project-1\dataset\internet\clear\Horror movie for WOKE!!!!!.wav,937.2,938.3,none
C:\Users\muldi\Documents\Playground\University\senior-project-1\dataset\internet\clear\Horror movie for WOKE!!!!!.wav,938.3,939.4,none
C:\Users\muldi\Documents\Playground\University\senior-project-1\dataset\internet\clear\Horror movie for WOKE!!!!!.wav,939.4,940.5,none
C:\Users\muldi\Documents\Playground\University\senior-project-1\dataset\internet\clear\Horror movie for WOKE!!!!!.wav,940.5,941.6,none
C:\Users\muldi\Documents\Playground\University\senior-project-1\dataset\internet\clear\Horror movie for WOKE!!!!!.wav,941.6,942.7,none
C:\Users\muldi\Documents\Playground\University\senior-project-1\dataset\internet\clear\Horror movie for WOKE!!!!!.wav,942.7,943.8,none
C:\Users\muldi\Documents\Playground\University\senior-project-1\dataset\internet\clear\Horror movie for WOKE!!!!!.wav,943.8,944.9,none
C:\Users\muldi\Documents\Playground\University\senior-project-1\dataset\internet\clear\Horror movie for WOKE!!!!!.wav,944.9,946.0,none
C:\Users\muldi\Documents\Playground\University\senior-project-1\dataset\internet\clear\Horror movie for WOKE!!!!!.wav,946.0,947.1,none
C:\Users\muldi\Documents\Playground\University\senior-project-1\dataset\internet\clear\Horror movie for WOKE!!!!!.wav,947.1,948.2,none
C:\Users\muldi\Documents\Playground\University\senior-project-1\dataset\internet\clear\Horror movie for WOKE!!!!!.wav,948.2,949.3,none
C:\Users\muldi\Documents\Playground\University\senior-project-1\dataset\internet\clear\Horror movie for WOKE!!!!!.wav,949.3,950.4,none
C:\Users\muldi\Documents\Playground\University\senior-project-1\dataset\internet\clear\Horror movie for WOKE!!!!!.wav,950.4,951.5,none
C:\Users\muldi\Documents\Playground\University\senior-project-1\dataset\internet\clear\Horror movie for WOKE!!!!!.wav,951.5,952.6,none
C:\Users\muldi\Documents\Playground\University\senior-project-1\dataset\internet\clear\Horror movie for WOKE!!!!!.wav,952.6,953.7,none
C:\Users\muldi\Documents\Playground\University\senior-project-1\dataset\internet\clear\Horror movie for WOKE!!!!!.wav,953.7,954.8,none
C:\Users\muldi\Documents\Playground\University\senior-project-1\dataset\internet\clear\Horror movie for WOKE!!!!!.wav,954.8,955.9,none
C:\Users\muldi\Documents\Playground\University\senior-project-1\dataset\internet\clear\Horror movie for WOKE!!!!!.wav,955.9,957.0,none
C:\Users\muldi\Documents\Playground\University\senior-project-1\dataset\internet\clear\Horror movie for WOKE!!!!!.wav,957.0,958.1,none
C:\Users\muldi\Documents\Playground\University\senior-project-1\dataset\internet\clear\Horror movie for WOKE!!!!!.wav,958.1,959.2,none
C:\Users\muldi\Documents\Playground\University\senior-project-1\dataset\internet\clear\Horror movie for WOKE!!!!!.wav,959.2,960.3,none
C:\Users\muldi\Documents\Playground\University\senior-project-1\dataset\internet\clear\Horror movie for WOKE!!!!!.wav,960.3,961.4,none
C:\Users\muldi\Documents\Playground\University\senior-project-1\dataset\internet\clear\Horror movie for WOKE!!!!!.wav,961.4,962.5,none
C:\Users\muldi\Documents\Playground\University\senior-project-1\dataset\internet\clear\Horror movie for WOKE!!!!!.wav,962.5,963.6,none
C:\Users\muldi\Documents\Playground\University\senior-project-1\dataset\internet\clear\Horror movie for WOKE!!!!!.wav,963.6,964.7,none
C:\Users\muldi\Documents\Playground\University\senior-project-1\dataset\internet\clear\Horror movie for WOKE!!!!!.wav,964.7,965.8,none
C:\Users\muldi\Documents\Playground\University\senior-project-1\dataset\internet\clear\Horror movie for WOKE!!!!!.wav,965.8,966.9,none
C:\Users\muldi\Documents\Playground\University\senior-project-1\dataset\internet\clear\Horror movie for WOKE!!!!!.wav,966.9,968.0,none
C:\Users\muldi\Documents\Playground\University\senior-project-1\dataset\internet\clear\Horror movie for WOKE!!!!!.wav,968.0,969.1,มึง
C:\Users\muldi\Documents\Playground\University\senior-project-1\dataset\internet\clear\Horror movie for WOKE!!!!!.wav,969.1,970.2,กู
C:\Users\muldi\Documents\Playground\University\senior-project-1\dataset\internet\clear\Horror movie for WOKE!!!!!.wav,970.2,971.3,none
C:\Users\muldi\Documents\Playground\University\senior-project-1\dataset\internet\clear\Horror movie for WOKE!!!!!.wav,971.3,972.4,none
C:\Users\muldi\Documents\Playground\University\senior-project-1\dataset\internet\clear\Horror movie for WOKE!!!!!.wav,972.4,973.5,none
C:\Users\muldi\Documents\Playground\University\senior-project-1\dataset\internet\clear\Horror movie for WOKE!!!!!.wav,973.5,974.6,กู
C:\Users\muldi\Documents\Playground\University\senior-project-1\dataset\internet\clear\Horror movie for WOKE!!!!!.wav,974.6,975.7,none
C:\Users\muldi\Documents\Playground\University\senior-project-1\dataset\internet\clear\Horror movie for WOKE!!!!!.wav,975.7,976.8,none
C:\Users\muldi\Documents\Playground\University\senior-project-1\dataset\internet\clear\Horror movie for WOKE!!!!!.wav,976.8,977.9,none
C:\Users\muldi\Documents\Playground\University\senior-project-1\dataset\internet\clear\Horror movie for WOKE!!!!!.wav,977.9,979.0,none
C:\Users\muldi\Documents\Playground\University\senior-project-1\dataset\internet\clear\Horror movie for WOKE!!!!!.wav,979.0,980.1,none
C:\Users\muldi\Documents\Playground\University\senior-project-1\dataset\internet\clear\Horror movie for WOKE!!!!!.wav,980.1,981.2,none
C:\Users\muldi\Documents\Playground\University\senior-project-1\dataset\internet\clear\Horror movie for WOKE!!!!!.wav,981.2,982.3,none
C:\Users\muldi\Documents\Playground\University\senior-project-1\dataset\internet\clear\Horror movie for WOKE!!!!!.wav,982.3,983.4,none
C:\Users\muldi\Documents\Playground\University\senior-project-1\dataset\internet\clear\Horror movie for WOKE!!!!!.wav,983.4,984.5,มึง
C:\Users\muldi\Documents\Playground\University\senior-project-1\dataset\internet\clear\Horror movie for WOKE!!!!!.wav,984.5,985.6,none
C:\Users\muldi\Documents\Playground\University\senior-project-1\dataset\internet\clear\Horror movie for WOKE!!!!!.wav,985.6,986.7,มึง
C:\Users\muldi\Documents\Playground\University\senior-project-1\dataset\internet\clear\Horror movie for WOKE!!!!!.wav,986.7,987.8,none
C:\Users\muldi\Documents\Playground\University\senior-project-1\dataset\internet\clear\Horror movie for WOKE!!!!!.wav,987.8,988.9,none
C:\Users\muldi\Documents\Playground\University\senior-project-1\dataset\internet\clear\Horror movie for WOKE!!!!!.wav,988.9,990.0,มึง
C:\Users\muldi\Documents\Playground\University\senior-project-1\dataset\internet\clear\Horror movie for WOKE!!!!!.wav,990.0,991.1,none
C:\Users\muldi\Documents\Playground\University\senior-project-1\dataset\internet\clear\Horror movie for WOKE!!!!!.wav,991.1,992.2,เหี้ย
C:\Users\muldi\Documents\Playground\University\senior-project-1\dataset\internet\clear\Horror movie for WOKE!!!!!.wav,992.2,993.3,none
C:\Users\muldi\Documents\Playground\University\senior-project-1\dataset\internet\clear\Horror movie for WOKE!!!!!.wav,993.3,994.4,none
C:\Users\muldi\Documents\Playground\University\senior-project-1\dataset\internet\clear\Horror movie for WOKE!!!!!.wav,994.4,995.5,none
C:\Users\muldi\Documents\Playground\University\senior-project-1\dataset\internet\clear\Horror movie for WOKE!!!!!.wav,995.5,996.6,none
C:\Users\muldi\Documents\Playground\University\senior-project-1\dataset\internet\clear\Horror movie for WOKE!!!!!.wav,996.6,997.7,none
C:\Users\muldi\Documents\Playground\University\senior-project-1\dataset\internet\clear\Horror movie for WOKE!!!!!.wav,997.7,998.8,none
C:\Users\muldi\Documents\Playground\University\senior-project-1\dataset\internet\clear\Horror movie for WOKE!!!!!.wav,998.8,999.9,none
C:\Users\muldi\Documents\Playground\University\senior-project-1\dataset\internet\clear\Horror movie for WOKE!!!!!.wav,999.9,1001.0,none
C:\Users\muldi\Documents\Playground\University\senior-project-1\dataset\internet\clear\Horror movie for WOKE!!!!!.wav,1001.0,1002.1,กู
C:\Users\muldi\Documents\Playground\University\senior-project-1\dataset\internet\clear\Horror movie for WOKE!!!!!.wav,1002.1,1003.2,none
C:\Users\muldi\Documents\Playground\University\senior-project-1\dataset\internet\clear\Horror movie for WOKE!!!!!.wav,1003.2,1004.3,none
C:\Users\muldi\Documents\Playground\University\senior-project-1\dataset\internet\clear\Horror movie for WOKE!!!!!.wav,1004.3,1005.4,none
C:\Users\muldi\Documents\Playground\University\senior-project-1\dataset\internet\clear\Horror movie for WOKE!!!!!.wav,1005.4,1006.5,none
C:\Users\muldi\Documents\Playground\University\senior-project-1\dataset\internet\clear\Horror movie for WOKE!!!!!.wav,1006.5,1007.6,none
C:\Users\muldi\Documents\Playground\University\senior-project-1\dataset\internet\clear\Horror movie for WOKE!!!!!.wav,1007.6,1008.7,none
C:\Users\muldi\Documents\Playground\University\senior-project-1\dataset\internet\clear\Horror movie for WOKE!!!!!.wav,1008.7,1009.8,none
C:\Users\muldi\Documents\Playground\University\senior-project-1\dataset\internet\clear\Horror movie for WOKE!!!!!.wav,1009.8,1010.9,none
C:\Users\muldi\Documents\Playground\University\senior-project-1\dataset\internet\clear\Horror movie for WOKE!!!!!.wav,1010.9,1012.0,none
C:\Users\muldi\Documents\Playground\University\senior-project-1\dataset\internet\clear\Horror movie for WOKE!!!!!.wav,1012.0,1013.1,none
C:\Users\muldi\Documents\Playground\University\senior-project-1\dataset\internet\clear\Horror movie for WOKE!!!!!.wav,1013.1,1014.2,เหี้ย
C:\Users\muldi\Documents\Playground\University\senior-project-1\dataset\internet\clear\Horror movie for WOKE!!!!!.wav,1014.2,1015.3,none
C:\Users\muldi\Documents\Playground\University\senior-project-1\dataset\internet\clear\Horror movie for WOKE!!!!!.wav,1015.3,1016.4,none
C:\Users\muldi\Documents\Playground\University\senior-project-1\dataset\internet\clear\Horror movie for WOKE!!!!!.wav,1016.4,1017.5,มึง
C:\Users\muldi\Documents\Playground\University\senior-project-1\dataset\internet\clear\Horror movie for WOKE!!!!!.wav,1017.5,1018.6,none
C:\Users\muldi\Documents\Playground\University\senior-project-1\dataset\internet\clear\Horror movie for WOKE!!!!!.wav,1018.6,1019.7,มึง
C:\Users\muldi\Documents\Playground\University\senior-project-1\dataset\internet\clear\Horror movie for WOKE!!!!!.wav,1019.7,1020.8,none
C:\Users\muldi\Documents\Playground\University\senior-project-1\dataset\internet\clear\Horror movie for WOKE!!!!!.wav,1020.8,1021.9,เหี้ย
C:\Users\muldi\Documents\Playground\University\senior-project-1\dataset\internet\clear\Horror movie for WOKE!!!!!.wav,1021.9,1023.0,none
C:\Users\muldi\Documents\Playground\University\senior-project-1\dataset\internet\clear\Horror movie for WOKE!!!!!.wav,1023.0,1024.1,none
C:\Users\muldi\Documents\Playground\University\senior-project-1\dataset\internet\clear\Horror movie for WOKE!!!!!.wav,1024.1,1025.2,none
C:\Users\muldi\Documents\Playground\University\senior-project-1\dataset\internet\clear\Horror movie for WOKE!!!!!.wav,1025.2,1026.3,none
C:\Users\muldi\Documents\Playground\University\senior-project-1\dataset\internet\clear\Horror movie for WOKE!!!!!.wav,1026.3,1027.4,none
C:\Users\muldi\Documents\Playground\University\senior-project-1\dataset\internet\clear\Horror movie for WOKE!!!!!.wav,1027.4,1028.5,none
C:\Users\muldi\Documents\Playground\University\senior-project-1\dataset\internet\clear\Horror movie for WOKE!!!!!.wav,1028.5,1029.6,none
C:\Users\muldi\Documents\Playground\University\senior-project-1\dataset\internet\clear\Horror movie for WOKE!!!!!.wav,1029.6,1030.7,none
C:\Users\muldi\Documents\Playground\University\senior-project-1\dataset\internet\clear\Horror movie for WOKE!!!!!.wav,1030.7,1031.8,none
C:\Users\muldi\Documents\Playground\University\senior-project-1\dataset\internet\clear\Horror movie for WOKE!!!!!.wav,1031.8,1032.9,none
C:\Users\muldi\Documents\Playground\University\senior-project-1\dataset\internet\clear\Horror movie for WOKE!!!!!.wav,1032.9,1034.0,none
C:\Users\muldi\Documents\Playground\University\senior-project-1\dataset\internet\clear\Horror movie for WOKE!!!!!.wav,1034.0,1035.1,none
C:\Users\muldi\Documents\Playground\University\senior-project-1\dataset\internet\clear\Horror movie for WOKE!!!!!.wav,1035.1,1036.2,none
C:\Users\muldi\Documents\Playground\University\senior-project-1\dataset\internet\clear\Horror movie for WOKE!!!!!.wav,1036.2,1037.3,none
C:\Users\muldi\Documents\Playground\University\senior-project-1\dataset\internet\clear\Horror movie for WOKE!!!!!.wav,1037.3,1038.4,none
C:\Users\muldi\Documents\Playground\University\senior-project-1\dataset\internet\clear\Horror movie for WOKE!!!!!.wav,1038.4,1039.5,none
C:\Users\muldi\Documents\Playground\University\senior-project-1\dataset\internet\clear\Horror movie for WOKE!!!!!.wav,1039.5,1040.6,none
C:\Users\muldi\Documents\Playground\University\senior-project-1\dataset\internet\clear\Horror movie for WOKE!!!!!.wav,1040.6,1041.7,none
C:\Users\muldi\Documents\Playground\University\senior-project-1\dataset\internet\clear\Horror movie for WOKE!!!!!.wav,1041.7,1042.8,none
C:\Users\muldi\Documents\Playground\University\senior-project-1\dataset\internet\clear\Horror movie for WOKE!!!!!.wav,1042.8,1043.9,none
C:\Users\muldi\Documents\Playground\University\senior-project-1\dataset\internet\clear\Horror movie for WOKE!!!!!.wav,1043.9,1045.0,none
C:\Users\muldi\Documents\Playground\University\senior-project-1\dataset\internet\clear\Horror movie for WOKE!!!!!.wav,1045.0,1046.1,none
C:\Users\muldi\Documents\Playground\University\senior-project-1\dataset\internet\clear\Horror movie for WOKE!!!!!.wav,1046.1,1047.2,none
C:\Users\muldi\Documents\Playground\University\senior-project-1\dataset\internet\clear\Horror movie for WOKE!!!!!.wav,1047.2,1048.3,none
C:\Users\muldi\Documents\Playground\University\senior-project-1\dataset\internet\clear\Horror movie for WOKE!!!!!.wav,1048.3,1049.4,none
C:\Users\muldi\Documents\Playground\University\senior-project-1\dataset\internet\clear\Horror movie for WOKE!!!!!.wav,1049.4,1050.5,none
C:\Users\muldi\Documents\Playground\University\senior-project-1\dataset\internet\clear\Horror movie for WOKE!!!!!.wav,1050.5,1051.6,none
C:\Users\muldi\Documents\Playground\University\senior-project-1\dataset\internet\clear\Horror movie for WOKE!!!!!.wav,1051.6,1052.7,none
C:\Users\muldi\Documents\Playground\University\senior-project-1\dataset\internet\clear\Horror movie for WOKE!!!!!.wav,1052.7,1053.8,none
C:\Users\muldi\Documents\Playground\University\senior-project-1\dataset\internet\clear\Horror movie for WOKE!!!!!.wav,1053.8,1054.9,none
C:\Users\muldi\Documents\Playground\University\senior-project-1\dataset\internet\clear\Horror movie for WOKE!!!!!.wav,1054.9,1056.0,เหี้ย
C:\Users\muldi\Documents\Playground\University\senior-project-1\dataset\internet\clear\Horror movie for WOKE!!!!!.wav,1056.0,1057.1,none
C:\Users\muldi\Documents\Playground\University\senior-project-1\dataset\internet\clear\Horror movie for WOKE!!!!!.wav,1057.1,1058.2,none
C:\Users\muldi\Documents\Playground\University\senior-project-1\dataset\internet\clear\Horror movie for WOKE!!!!!.wav,1058.2,1059.3,none
C:\Users\muldi\Documents\Playground\University\senior-project-1\dataset\internet\clear\Horror movie for WOKE!!!!!.wav,1059.3,1060.4,none
C:\Users\muldi\Documents\Playground\University\senior-project-1\dataset\internet\clear\Horror movie for WOKE!!!!!.wav,1060.4,1061.5,none
C:\Users\muldi\Documents\Playground\University\senior-project-1\dataset\internet\clear\Horror movie for WOKE!!!!!.wav,1061.5,1062.6,none
C:\Users\muldi\Documents\Playground\University\senior-project-1\dataset\internet\clear\Horror movie for WOKE!!!!!.wav,1062.6,1063.7,เหี้ย
C:\Users\muldi\Documents\Playground\University\senior-project-1\dataset\internet\clear\Horror movie for WOKE!!!!!.wav,1063.7,1064.8,none
C:\Users\muldi\Documents\Playground\University\senior-project-1\dataset\internet\clear\Horror movie for WOKE!!!!!.wav,1064.8,1065.9,เหี้ย
C:\Users\muldi\Documents\Playground\University\senior-project-1\dataset\internet\clear\Horror movie for WOKE!!!!!.wav,1065.9,1067.0,none
C:\Users\muldi\Documents\Playground\University\senior-project-1\dataset\internet\clear\Horror movie for WOKE!!!!!.wav,1067.0,1068.1,none
C:\Users\muldi\Documents\Playground\University\senior-project-1\dataset\internet\clear\Horror movie for WOKE!!!!!.wav,1068.1,1069.2,none
C:\Users\muldi\Documents\Playground\University\senior-project-1\dataset\internet\clear\Horror movie for WOKE!!!!!.wav,1069.2,1070.3,none
C:\Users\muldi\Documents\Playground\University\senior-project-1\dataset\internet\clear\Horror movie for WOKE!!!!!.wav,1070.3,1071.4,none
C:\Users\muldi\Documents\Playground\University\senior-project-1\dataset\internet\clear\Horror movie for WOKE!!!!!.wav,1071.4,1072.5,none
C:\Users\muldi\Documents\Playground\University\senior-project-1\dataset\internet\clear\Horror movie for WOKE!!!!!.wav,1072.5,1073.6,none
C:\Users\muldi\Documents\Playground\University\senior-project-1\dataset\internet\clear\Horror movie for WOKE!!!!!.wav,1073.6,1074.7,none
C:\Users\muldi\Documents\Playground\University\senior-project-1\dataset\internet\clear\Horror movie for WOKE!!!!!.wav,1074.7,1075.8,none
C:\Users\muldi\Documents\Playground\University\senior-project-1\dataset\internet\clear\Horror movie for WOKE!!!!!.wav,1075.8,1076.9,none
C:\Users\muldi\Documents\Playground\University\senior-project-1\dataset\internet\clear\Horror movie for WOKE!!!!!.wav,1076.9,1078.0,none
C:\Users\muldi\Documents\Playground\University\senior-project-1\dataset\internet\clear\Horror movie for WOKE!!!!!.wav,1078.0,1079.1,none
C:\Users\muldi\Documents\Playground\University\senior-project-1\dataset\internet\clear\Horror movie for WOKE!!!!!.wav,1079.1,1080.2,none
C:\Users\muldi\Documents\Playground\University\senior-project-1\dataset\internet\clear\Horror movie for WOKE!!!!!.wav,1080.2,1081.3,กู
C:\Users\muldi\Documents\Playground\University\senior-project-1\dataset\internet\clear\Horror movie for WOKE!!!!!.wav,1081.3,1082.4,กู
C:\Users\muldi\Documents\Playground\University\senior-project-1\dataset\internet\clear\Horror movie for WOKE!!!!!.wav,1082.4,1083.5,none
C:\Users\muldi\Documents\Playground\University\senior-project-1\dataset\internet\clear\Horror movie for WOKE!!!!!.wav,1083.5,1084.6,none
C:\Users\muldi\Documents\Playground\University\senior-project-1\dataset\internet\clear\Horror movie for WOKE!!!!!.wav,1084.6,1085.7,none
C:\Users\muldi\Documents\Playground\University\senior-project-1\dataset\internet\clear\Horror movie for WOKE!!!!!.wav,1085.7,1086.8,none
C:\Users\muldi\Documents\Playground\University\senior-project-1\dataset\internet\clear\Horror movie for WOKE!!!!!.wav,1086.8,1087.9,none
C:\Users\muldi\Documents\Playground\University\senior-project-1\dataset\internet\clear\Horror movie for WOKE!!!!!.wav,1087.9,1089.0,none
C:\Users\muldi\Documents\Playground\University\senior-project-1\dataset\internet\clear\Horror movie for WOKE!!!!!.wav,1089.0,1090.1,none
C:\Users\muldi\Documents\Playground\University\senior-project-1\dataset\internet\clear\Horror movie for WOKE!!!!!.wav,1090.1,1091.2,none
C:\Users\muldi\Documents\Playground\University\senior-project-1\dataset\internet\clear\Horror movie for WOKE!!!!!.wav,1091.2,1092.3,none
C:\Users\muldi\Documents\Playground\University\senior-project-1\dataset\internet\clear\Horror movie for WOKE!!!!!.wav,1092.3,1093.4,none
C:\Users\muldi\Documents\Playground\University\senior-project-1\dataset\internet\clear\Horror movie for WOKE!!!!!.wav,1093.4,1094.5,none
C:\Users\muldi\Documents\Playground\University\senior-project-1\dataset\internet\clear\Horror movie for WOKE!!!!!.wav,1094.5,1095.6,none
C:\Users\muldi\Documents\Playground\University\senior-project-1\dataset\internet\clear\Horror movie for WOKE!!!!!.wav,1095.6,1096.7,none
C:\Users\muldi\Documents\Playground\University\senior-project-1\dataset\internet\clear\Horror movie for WOKE!!!!!.wav,1096.7,1097.8,none
C:\Users\muldi\Documents\Playground\University\senior-project-1\dataset\internet\clear\Horror movie for WOKE!!!!!.wav,1097.8,1098.9,none
C:\Users\muldi\Documents\Playground\University\senior-project-1\dataset\internet\clear\Horror movie for WOKE!!!!!.wav,1098.9,1100.0,none
C:\Users\muldi\Documents\Playground\University\senior-project-1\dataset\internet\clear\Horror movie for WOKE!!!!!.wav,1100.0,1101.1,none
C:\Users\muldi\Documents\Playground\University\senior-project-1\dataset\internet\clear\Horror movie for WOKE!!!!!.wav,1101.1,1102.2,none
C:\Users\muldi\Documents\Playground\University\senior-project-1\dataset\internet\clear\Horror movie for WOKE!!!!!.wav,1102.2,1103.3,กู
C:\Users\muldi\Documents\Playground\University\senior-project-1\dataset\internet\clear\Horror movie for WOKE!!!!!.wav,1103.3,1104.4,none
C:\Users\muldi\Documents\Playground\University\senior-project-1\dataset\internet\clear\Horror movie for WOKE!!!!!.wav,1104.4,1105.5,none
C:\Users\muldi\Documents\Playground\University\senior-project-1\dataset\internet\clear\Horror movie for WOKE!!!!!.wav,1105.5,1106.6,กู
C:\Users\muldi\Documents\Playground\University\senior-project-1\dataset\internet\clear\Yo mama & แซนวิชบลูเบอร์รี่.wav,0.0,1.1,none
C:\Users\muldi\Documents\Playground\University\senior-project-1\dataset\internet\clear\Yo mama & แซนวิชบลูเบอร์รี่.wav,1.1,2.2,none
C:\Users\muldi\Documents\Playground\University\senior-project-1\dataset\internet\clear\Yo mama & แซนวิชบลูเบอร์รี่.wav,2.2,3.3,none
C:\Users\muldi\Documents\Playground\University\senior-project-1\dataset\internet\clear\Yo mama & แซนวิชบลูเบอร์รี่.wav,3.3,4.4,none
C:\Users\muldi\Documents\Playground\University\senior-project-1\dataset\internet\clear\Yo mama & แซนวิชบลูเบอร์รี่.wav,4.4,5.5,none
C:\Users\muldi\Documents\Playground\University\senior-project-1\dataset\internet\clear\Yo mama & แซนวิชบลูเบอร์รี่.wav,5.5,6.6,none
C:\Users\muldi\Documents\Playground\University\senior-project-1\dataset\internet\clear\Yo mama & แซนวิชบลูเบอร์รี่.wav,6.6,7.7,none
C:\Users\muldi\Documents\Playground\University\senior-project-1\dataset\internet\clear\Yo mama & แซนวิชบลูเบอร์รี่.wav,7.7,8.8,none
C:\Users\muldi\Documents\Playground\University\senior-project-1\dataset\internet\clear\Yo mama & แซนวิชบลูเบอร์รี่.wav,8.8,9.9,none
C:\Users\muldi\Documents\Playground\University\senior-project-1\dataset\internet\clear\Yo mama & แซนวิชบลูเบอร์รี่.wav,9.9,11.0,none
C:\Users\muldi\Documents\Playground\University\senior-project-1\dataset\internet\clear\Yo mama & แซนวิชบลูเบอร์รี่.wav,11.0,12.1,none
C:\Users\muldi\Documents\Playground\University\senior-project-1\dataset\internet\clear\Yo mama & แซนวิชบลูเบอร์รี่.wav,12.1,13.2,none
C:\Users\muldi\Documents\Playground\University\senior-project-1\dataset\internet\clear\Yo mama & แซนวิชบลูเบอร์รี่.wav,13.2,14.3,none
C:\Users\muldi\Documents\Playground\University\senior-project-1\dataset\internet\clear\Yo mama & แซนวิชบลูเบอร์รี่.wav,14.3,15.4,none
C:\Users\muldi\Documents\Playground\University\senior-project-1\dataset\internet\clear\Yo mama & แซนวิชบลูเบอร์รี่.wav,15.4,16.5,none
C:\Users\muldi\Documents\Playground\University\senior-project-1\dataset\internet\clear\Yo mama & แซนวิชบลูเบอร์รี่.wav,16.5,17.6,none
C:\Users\muldi\Documents\Playground\University\senior-project-1\dataset\internet\clear\Yo mama & แซนวิชบลูเบอร์รี่.wav,17.6,18.7,none
C:\Users\muldi\Documents\Playground\University\senior-project-1\dataset\internet\clear\Yo mama & แซนวิชบลูเบอร์รี่.wav,18.7,19.8,มึง
C:\Users\muldi\Documents\Playground\University\senior-project-1\dataset\internet\clear\Yo mama & แซนวิชบลูเบอร์รี่.wav,19.8,20.9,none
C:\Users\muldi\Documents\Playground\University\senior-project-1\dataset\internet\clear\Yo mama & แซนวิชบลูเบอร์รี่.wav,20.9,22.0,none
C:\Users\muldi\Documents\Playground\University\senior-project-1\dataset\internet\clear\Yo mama & แซนวิชบลูเบอร์รี่.wav,22.0,23.1,none
C:\Users\muldi\Documents\Playground\University\senior-project-1\dataset\internet\clear\Yo mama & แซนวิชบลูเบอร์รี่.wav,23.1,24.2,มึง
C:\Users\muldi\Documents\Playground\University\senior-project-1\dataset\internet\clear\Yo mama & แซนวิชบลูเบอร์รี่.wav,24.2,25.3,มึง
C:\Users\muldi\Documents\Playground\University\senior-project-1\dataset\internet\clear\Yo mama & แซนวิชบลูเบอร์รี่.wav,25.3,26.4,มึง
C:\Users\muldi\Documents\Playground\University\senior-project-1\dataset\internet\clear\Yo mama & แซนวิชบลูเบอร์รี่.wav,26.4,27.5,none
C:\Users\muldi\Documents\Playground\University\senior-project-1\dataset\internet\clear\Yo mama & แซนวิชบลูเบอร์รี่.wav,27.5,28.6,มึง
C:\Users\muldi\Documents\Playground\University\senior-project-1\dataset\internet\clear\Yo mama & แซนวิชบลูเบอร์รี่.wav,28.6,29.7,none
C:\Users\muldi\Documents\Playground\University\senior-project-1\dataset\internet\clear\Yo mama & แซนวิชบลูเบอร์รี่.wav,29.7,30.8,มึง
C:\Users\muldi\Documents\Playground\University\senior-project-1\dataset\internet\clear\Yo mama & แซนวิชบลูเบอร์รี่.wav,30.8,31.9,none
C:\Users\muldi\Documents\Playground\University\senior-project-1\dataset\internet\clear\Yo mama & แซนวิชบลูเบอร์รี่.wav,31.9,33.0,none
C:\Users\muldi\Documents\Playground\University\senior-project-1\dataset\internet\clear\Yo mama & แซนวิชบลูเบอร์รี่.wav,33.0,34.1,none
C:\Users\muldi\Documents\Playground\University\senior-project-1\dataset\internet\clear\Yo mama & แซนวิชบลูเบอร์รี่.wav,34.1,35.2,มึง
C:\Users\muldi\Documents\Playground\University\senior-project-1\dataset\internet\clear\Yo mama & แซนวิชบลูเบอร์รี่.wav,35.2,36.3,none
C:\Users\muldi\Documents\Playground\University\senior-project-1\dataset\internet\clear\Yo mama & แซนวิชบลูเบอร์รี่.wav,36.3,37.4,none
C:\Users\muldi\Documents\Playground\University\senior-project-1\dataset\internet\clear\Yo mama & แซนวิชบลูเบอร์รี่.wav,37.4,38.5,none
C:\Users\muldi\Documents\Playground\University\senior-project-1\dataset\internet\clear\Yo mama & แซนวิชบลูเบอร์รี่.wav,38.5,39.6,none
C:\Users\muldi\Documents\Playground\University\senior-project-1\dataset\internet\clear\Yo mama & แซนวิชบลูเบอร์รี่.wav,39.6,40.7,มึง
C:\Users\muldi\Documents\Playground\University\senior-project-1\dataset\internet\clear\Yo mama & แซนวิชบลูเบอร์รี่.wav,40.7,41.8,none
C:\Users\muldi\Documents\Playground\University\senior-project-1\dataset\internet\clear\Yo mama & แซนวิชบลูเบอร์รี่.wav,41.8,42.9,none
C:\Users\muldi\Documents\Playground\University\senior-project-1\dataset\internet\clear\Yo mama & แซนวิชบลูเบอร์รี่.wav,42.9,44.0,none
C:\Users\muldi\Documents\Playground\University\senior-project-1\dataset\internet\clear\Yo mama & แซนวิชบลูเบอร์รี่.wav,44.0,45.1,มึง
C:\Users\muldi\Documents\Playground\University\senior-project-1\dataset\internet\clear\Yo mama & แซนวิชบลูเบอร์รี่.wav,45.1,46.2,none
C:\Users\muldi\Documents\Playground\University\senior-project-1\dataset\internet\clear\Yo mama & แซนวิชบลูเบอร์รี่.wav,46.2,47.3,none
C:\Users\muldi\Documents\Playground\University\senior-project-1\dataset\internet\clear\Yo mama & แซนวิชบลูเบอร์รี่.wav,47.3,48.4,none
C:\Users\muldi\Documents\Playground\University\senior-project-1\dataset\internet\clear\Yo mama & แซนวิชบลูเบอร์รี่.wav,48.4,49.5,none
C:\Users\muldi\Documents\Playground\University\senior-project-1\dataset\internet\clear\Yo mama & แซนวิชบลูเบอร์รี่.wav,49.5,50.6,none
C:\Users\muldi\Documents\Playground\University\senior-project-1\dataset\internet\clear\Yo mama & แซนวิชบลูเบอร์รี่.wav,50.6,51.7,none
C:\Users\muldi\Documents\Playground\University\senior-project-1\dataset\internet\clear\Yo mama & แซนวิชบลูเบอร์รี่.wav,51.7,52.8,none
C:\Users\muldi\Documents\Playground\University\senior-project-1\dataset\internet\clear\Yo mama & แซนวิชบลูเบอร์รี่.wav,52.8,53.9,none
C:\Users\muldi\Documents\Playground\University\senior-project-1\dataset\internet\clear\Yo mama & แซนวิชบลูเบอร์รี่.wav,53.9,55.0,none
C:\Users\muldi\Documents\Playground\University\senior-project-1\dataset\internet\clear\Yo mama & แซนวิชบลูเบอร์รี่.wav,55.0,56.1,none
C:\Users\muldi\Documents\Playground\University\senior-project-1\dataset\internet\clear\Yo mama & แซนวิชบลูเบอร์รี่.wav,56.1,57.2,none
C:\Users\muldi\Documents\Playground\University\senior-project-1\dataset\internet\clear\Yo mama & แซนวิชบลูเบอร์รี่.wav,57.2,58.3,มึง
C:\Users\muldi\Documents\Playground\University\senior-project-1\dataset\internet\clear\Yo mama & แซนวิชบลูเบอร์รี่.wav,58.3,59.4,none
C:\Users\muldi\Documents\Playground\University\senior-project-1\dataset\internet\clear\Yo mama & แซนวิชบลูเบอร์รี่.wav,59.4,60.5,มึง
C:\Users\muldi\Documents\Playground\University\senior-project-1\dataset\internet\clear\Yo mama & แซนวิชบลูเบอร์รี่.wav,60.5,61.6,none
C:\Users\muldi\Documents\Playground\University\senior-project-1\dataset\internet\clear\Yo mama & แซนวิชบลูเบอร์รี่.wav,61.6,62.7,มึง
C:\Users\muldi\Documents\Playground\University\senior-project-1\dataset\internet\clear\Yo mama & แซนวิชบลูเบอร์รี่.wav,62.7,63.8,none
C:\Users\muldi\Documents\Playground\University\senior-project-1\dataset\internet\clear\Yo mama & แซนวิชบลูเบอร์รี่.wav,63.8,64.9,none
C:\Users\muldi\Documents\Playground\University\senior-project-1\dataset\internet\clear\Yo mama & แซนวิชบลูเบอร์รี่.wav,64.9,66.0,none
C:\Users\muldi\Documents\Playground\University\senior-project-1\dataset\internet\clear\Yo mama & แซนวิชบลูเบอร์รี่.wav,66.0,67.1,none
C:\Users\muldi\Documents\Playground\University\senior-project-1\dataset\internet\clear\Yo mama & แซนวิชบลูเบอร์รี่.wav,67.1,68.2,none
C:\Users\muldi\Documents\Playground\University\senior-project-1\dataset\internet\clear\Yo mama & แซนวิชบลูเบอร์รี่.wav,68.2,69.3,none
C:\Users\muldi\Documents\Playground\University\senior-project-1\dataset\internet\clear\Yo mama & แซนวิชบลูเบอร์รี่.wav,69.3,70.4,none
C:\Users\muldi\Documents\Playground\University\senior-project-1\dataset\internet\clear\Yo mama & แซนวิชบลูเบอร์รี่.wav,70.4,71.5,none
C:\Users\muldi\Documents\Playground\University\senior-project-1\dataset\internet\clear\Yo mama & แซนวิชบลูเบอร์รี่.wav,71.5,72.6,none
C:\Users\muldi\Documents\Playground\University\senior-project-1\dataset\internet\clear\Yo mama & แซนวิชบลูเบอร์รี่.wav,72.6,73.7,none
C:\Users\muldi\Documents\Playground\University\senior-project-1\dataset\internet\clear\Yo mama & แซนวิชบลูเบอร์รี่.wav,73.7,74.8,none
C:\Users\muldi\Documents\Playground\University\senior-project-1\dataset\internet\clear\Yo mama & แซนวิชบลูเบอร์รี่.wav,74.8,75.9,none
C:\Users\muldi\Documents\Playground\University\senior-project-1\dataset\internet\clear\Yo mama & แซนวิชบลูเบอร์รี่.wav,75.9,77.0,none
C:\Users\muldi\Documents\Playground\University\senior-project-1\dataset\internet\clear\Yo mama & แซนวิชบลูเบอร์รี่.wav,77.0,78.1,none
C:\Users\muldi\Documents\Playground\University\senior-project-1\dataset\internet\clear\Yo mama & แซนวิชบลูเบอร์รี่.wav,78.1,79.2,none
C:\Users\muldi\Documents\Playground\University\senior-project-1\dataset\internet\clear\Yo mama & แซนวิชบลูเบอร์รี่.wav,79.2,80.3,มึง
C:\Users\muldi\Documents\Playground\University\senior-project-1\dataset\internet\clear\Yo mama & แซนวิชบลูเบอร์รี่.wav,80.3,81.4,none
C:\Users\muldi\Documents\Playground\University\senior-project-1\dataset\internet\clear\Yo mama & แซนวิชบลูเบอร์รี่.wav,81.4,82.5,none
C:\Users\muldi\Documents\Playground\University\senior-project-1\dataset\internet\clear\Yo mama & แซนวิชบลูเบอร์รี่.wav,82.5,83.6,none
C:\Users\muldi\Documents\Playground\University\senior-project-1\dataset\internet\clear\Yo mama & แซนวิชบลูเบอร์รี่.wav,83.6,84.7,มึง
C:\Users\muldi\Documents\Playground\University\senior-project-1\dataset\internet\clear\Yo mama & แซนวิชบลูเบอร์รี่.wav,84.7,85.8,none
C:\Users\muldi\Documents\Playground\University\senior-project-1\dataset\internet\clear\Yo mama & แซนวิชบลูเบอร์รี่.wav,85.8,86.9,none
C:\Users\muldi\Documents\Playground\University\senior-project-1\dataset\internet\clear\Yo mama & แซนวิชบลูเบอร์รี่.wav,86.9,88.0,มึง
C:\Users\muldi\Documents\Playground\University\senior-project-1\dataset\internet\clear\Yo mama & แซนวิชบลูเบอร์รี่.wav,88.0,89.1,none
C:\Users\muldi\Documents\Playground\University\senior-project-1\dataset\internet\clear\Yo mama & แซนวิชบลูเบอร์รี่.wav,89.1,90.2,none
C:\Users\muldi\Documents\Playground\University\senior-project-1\dataset\internet\clear\Yo mama & แซนวิชบลูเบอร์รี่.wav,90.2,91.3,none
C:\Users\muldi\Documents\Playground\University\senior-project-1\dataset\internet\clear\Yo mama & แซนวิชบลูเบอร์รี่.wav,91.3,92.4,มึง
C:\Users\muldi\Documents\Playground\University\senior-project-1\dataset\internet\clear\Yo mama & แซนวิชบลูเบอร์รี่.wav,92.4,93.5,none
C:\Users\muldi\Documents\Playground\University\senior-project-1\dataset\internet\clear\Yo mama & แซนวิชบลูเบอร์รี่.wav,93.5,94.6,none
C:\Users\muldi\Documents\Playground\University\senior-project-1\dataset\internet\clear\Yo mama & แซนวิชบลูเบอร์รี่.wav,94.6,95.7,none
C:\Users\muldi\Documents\Playground\University\senior-project-1\dataset\internet\clear\Yo mama & แซนวิชบลูเบอร์รี่.wav,95.7,96.8,มึง
C:\Users\muldi\Documents\Playground\University\senior-project-1\dataset\internet\clear\Yo mama & แซนวิชบลูเบอร์รี่.wav,96.8,97.9,none
C:\Users\muldi\Documents\Playground\University\senior-project-1\dataset\internet\clear\Yo mama & แซนวิชบลูเบอร์รี่.wav,97.9,99.0,มึง
C:\Users\muldi\Documents\Playground\University\senior-project-1\dataset\internet\clear\Yo mama & แซนวิชบลูเบอร์รี่.wav,99.0,100.1,มึง
C:\Users\muldi\Documents\Playground\University\senior-project-1\dataset\internet\clear\Yo mama & แซนวิชบลูเบอร์รี่.wav,100.1,101.2,มึง
C:\Users\muldi\Documents\Playground\University\senior-project-1\dataset\internet\clear\Yo mama & แซนวิชบลูเบอร์รี่.wav,101.2,102.3,none
C:\Users\muldi\Documents\Playground\University\senior-project-1\dataset\internet\clear\Yo mama & แซนวิชบลูเบอร์รี่.wav,102.3,103.4,มึง
C:\Users\muldi\Documents\Playground\University\senior-project-1\dataset\internet\clear\Yo mama & แซนวิชบลูเบอร์รี่.wav,103.4,104.5,มึง
C:\Users\muldi\Documents\Playground\University\senior-project-1\dataset\internet\clear\Yo mama & แซนวิชบลูเบอร์รี่.wav,104.5,105.6,none
C:\Users\muldi\Documents\Playground\University\senior-project-1\dataset\internet\clear\Yo mama & แซนวิชบลูเบอร์รี่.wav,105.6,106.7,none
C:\Users\muldi\Documents\Playground\University\senior-project-1\dataset\internet\clear\Yo mama & แซนวิชบลูเบอร์รี่.wav,106.7,107.8,มึง
C:\Users\muldi\Documents\Playground\University\senior-project-1\dataset\internet\clear\Yo mama & แซนวิชบลูเบอร์รี่.wav,107.8,108.9,none
C:\Users\muldi\Documents\Playground\University\senior-project-1\dataset\internet\clear\Yo mama & แซนวิชบลูเบอร์รี่.wav,108.9,110.0,none
C:\Users\muldi\Documents\Playground\University\senior-project-1\dataset\internet\clear\Yo mama & แซนวิชบลูเบอร์รี่.wav,110.0,111.1,none
C:\Users\muldi\Documents\Playground\University\senior-project-1\dataset\internet\clear\Yo mama & แซนวิชบลูเบอร์รี่.wav,111.1,112.2,none
C:\Users\muldi\Documents\Playground\University\senior-project-1\dataset\internet\clear\Yo mama & แซนวิชบลูเบอร์รี่.wav,112.2,113.3,none
C:\Users\muldi\Documents\Playground\University\senior-project-1\dataset\internet\clear\Yo mama & แซนวิชบลูเบอร์รี่.wav,113.3,114.4,none
C:\Users\muldi\Documents\Playground\University\senior-project-1\dataset\internet\clear\Yo mama & แซนวิชบลูเบอร์รี่.wav,114.4,115.5,none
C:\Users\muldi\Documents\Playground\University\senior-project-1\dataset\internet\clear\Yo mama & แซนวิชบลูเบอร์รี่.wav,115.5,116.6,none
C:\Users\muldi\Documents\Playground\University\senior-project-1\dataset\internet\clear\Yo mama & แซนวิชบลูเบอร์รี่.wav,116.6,117.7,none
C:\Users\muldi\Documents\Playground\University\senior-project-1\dataset\internet\clear\Yo mama & แซนวิชบลูเบอร์รี่.wav,117.7,118.8,none
C:\Users\muldi\Documents\Playground\University\senior-project-1\dataset\internet\clear\Yo mama & แซนวิชบลูเบอร์รี่.wav,118.8,119.9,none
C:\Users\muldi\Documents\Playground\University\senior-project-1\dataset\internet\clear\Yo mama & แซนวิชบลูเบอร์รี่.wav,119.9,121.0,none
C:\Users\muldi\Documents\Playground\University\senior-project-1\dataset\internet\clear\Yo mama & แซนวิชบลูเบอร์รี่.wav,121.0,122.1,none
C:\Users\muldi\Documents\Playground\University\senior-project-1\dataset\internet\clear\Yo mama & แซนวิชบลูเบอร์รี่.wav,122.1,123.2,none
C:\Users\muldi\Documents\Playground\University\senior-project-1\dataset\internet\clear\Yo mama & แซนวิชบลูเบอร์รี่.wav,123.2,124.3,none
C:\Users\muldi\Documents\Playground\University\senior-project-1\dataset\internet\clear\Yo mama & แซนวิชบลูเบอร์รี่.wav,124.3,125.4,none
C:\Users\muldi\Documents\Playground\University\senior-project-1\dataset\internet\clear\Yo mama & แซนวิชบลูเบอร์รี่.wav,125.4,126.5,none
C:\Users\muldi\Documents\Playground\University\senior-project-1\dataset\internet\clear\Yo mama & แซนวิชบลูเบอร์รี่.wav,126.5,127.6,none
C:\Users\muldi\Documents\Playground\University\senior-project-1\dataset\internet\clear\Yo mama & แซนวิชบลูเบอร์รี่.wav,127.6,128.7,none
C:\Users\muldi\Documents\Playground\University\senior-project-1\dataset\internet\clear\Yo mama & แซนวิชบลูเบอร์รี่.wav,128.7,129.8,none
C:\Users\muldi\Documents\Playground\University\senior-project-1\dataset\internet\clear\Yo mama & แซนวิชบลูเบอร์รี่.wav,129.8,130.9,none
C:\Users\muldi\Documents\Playground\University\senior-project-1\dataset\internet\clear\Yo mama & แซนวิชบลูเบอร์รี่.wav,130.9,132.0,none
C:\Users\muldi\Documents\Playground\University\senior-project-1\dataset\internet\clear\Yo mama & แซนวิชบลูเบอร์รี่.wav,132.0,133.1,none
C:\Users\muldi\Documents\Playground\University\senior-project-1\dataset\internet\clear\คนน่ากลัวกว่าผีบอกเลย!.wav,0.0,1.1,none
C:\Users\muldi\Documents\Playground\University\senior-project-1\dataset\internet\clear\คนน่ากลัวกว่าผีบอกเลย!.wav,1.1,2.2,none
C:\Users\muldi\Documents\Playground\University\senior-project-1\dataset\internet\clear\คนน่ากลัวกว่าผีบอกเลย!.wav,2.2,3.3,none
C:\Users\muldi\Documents\Playground\University\senior-project-1\dataset\internet\clear\คนน่ากลัวกว่าผีบอกเลย!.wav,3.3,4.4,none
C:\Users\muldi\Documents\Playground\University\senior-project-1\dataset\internet\clear\คนน่ากลัวกว่าผีบอกเลย!.wav,4.4,5.5,none
C:\Users\muldi\Documents\Playground\University\senior-project-1\dataset\internet\clear\คนน่ากลัวกว่าผีบอกเลย!.wav,5.5,6.6,none
C:\Users\muldi\Documents\Playground\University\senior-project-1\dataset\internet\clear\คนน่ากลัวกว่าผีบอกเลย!.wav,6.6,7.7,none
C:\Users\muldi\Documents\Playground\University\senior-project-1\dataset\internet\clear\คนน่ากลัวกว่าผีบอกเลย!.wav,7.7,8.8,none
C:\Users\muldi\Documents\Playground\University\senior-project-1\dataset\internet\clear\คนน่ากลัวกว่าผีบอกเลย!.wav,8.8,9.9,none
C:\Users\muldi\Documents\Playground\University\senior-project-1\dataset\internet\clear\คนน่ากลัวกว่าผีบอกเลย!.wav,9.9,11.0,none
C:\Users\muldi\Documents\Playground\University\senior-project-1\dataset\internet\clear\คนน่ากลัวกว่าผีบอกเลย!.wav,11.0,12.1,none
C:\Users\muldi\Documents\Playground\University\senior-project-1\dataset\internet\clear\คนน่ากลัวกว่าผีบอกเลย!.wav,12.1,13.2,none
C:\Users\muldi\Documents\Playground\University\senior-project-1\dataset\internet\clear\คนน่ากลัวกว่าผีบอกเลย!.wav,13.2,14.3,none
C:\Users\muldi\Documents\Playground\University\senior-project-1\dataset\internet\clear\คนน่ากลัวกว่าผีบอกเลย!.wav,14.3,15.4,none
C:\Users\muldi\Documents\Playground\University\senior-project-1\dataset\internet\clear\คนน่ากลัวกว่าผีบอกเลย!.wav,15.4,16.5,none
C:\Users\muldi\Documents\Playground\University\senior-project-1\dataset\internet\clear\คนน่ากลัวกว่าผีบอกเลย!.wav,16.5,17.6,none
C:\Users\muldi\Documents\Playground\University\senior-project-1\dataset\internet\clear\คนน่ากลัวกว่าผีบอกเลย!.wav,17.6,18.7,none
C:\Users\muldi\Documents\Playground\University\senior-project-1\dataset\internet\clear\คนน่ากลัวกว่าผีบอกเลย!.wav,18.7,19.8,none
C:\Users\muldi\Documents\Playground\University\senior-project-1\dataset\internet\clear\คนน่ากลัวกว่าผีบอกเลย!.wav,19.8,20.9,none
C:\Users\muldi\Documents\Playground\University\senior-project-1\dataset\internet\clear\คนน่ากลัวกว่าผีบอกเลย!.wav,20.9,22.0,none
C:\Users\muldi\Documents\Playground\University\senior-project-1\dataset\internet\clear\คนน่ากลัวกว่าผีบอกเลย!.wav,22.0,23.1,none
C:\Users\muldi\Documents\Playground\University\senior-project-1\dataset\internet\clear\คนน่ากลัวกว่าผีบอกเลย!.wav,23.1,24.2,none
C:\Users\muldi\Documents\Playground\University\senior-project-1\dataset\internet\clear\คนน่ากลัวกว่าผีบอกเลย!.wav,24.2,25.3,none
C:\Users\muldi\Documents\Playground\University\senior-project-1\dataset\internet\clear\คนน่ากลัวกว่าผีบอกเลย!.wav,25.3,26.4,none
C:\Users\muldi\Documents\Playground\University\senior-project-1\dataset\internet\clear\คนน่ากลัวกว่าผีบอกเลย!.wav,26.4,27.5,none
C:\Users\muldi\Documents\Playground\University\senior-project-1\dataset\internet\clear\คนน่ากลัวกว่าผีบอกเลย!.wav,27.5,28.6,none
C:\Users\muldi\Documents\Playground\University\senior-project-1\dataset\internet\clear\คนน่ากลัวกว่าผีบอกเลย!.wav,28.6,29.7,none
C:\Users\muldi\Documents\Playground\University\senior-project-1\dataset\internet\clear\คนน่ากลัวกว่าผีบอกเลย!.wav,29.7,30.8,none
C:\Users\muldi\Documents\Playground\University\senior-project-1\dataset\internet\clear\คนน่ากลัวกว่าผีบอกเลย!.wav,30.8,31.9,none
C:\Users\muldi\Documents\Playground\University\senior-project-1\dataset\internet\clear\คนน่ากลัวกว่าผีบอกเลย!.wav,31.9,33.0,none
C:\Users\muldi\Documents\Playground\University\senior-project-1\dataset\internet\clear\คนน่ากลัวกว่าผีบอกเลย!.wav,33.0,34.1,none
C:\Users\muldi\Documents\Playground\University\senior-project-1\dataset\internet\clear\คนน่ากลัวกว่าผีบอกเลย!.wav,34.1,35.2,none
C:\Users\muldi\Documents\Playground\University\senior-project-1\dataset\internet\clear\คนน่ากลัวกว่าผีบอกเลย!.wav,35.2,36.3,none
C:\Users\muldi\Documents\Playground\University\senior-project-1\dataset\internet\clear\คนน่ากลัวกว่าผีบอกเลย!.wav,36.3,37.4,none
C:\Users\muldi\Documents\Playground\University\senior-project-1\dataset\internet\clear\คนน่ากลัวกว่าผีบอกเลย!.wav,37.4,38.5,none
C:\Users\muldi\Documents\Playground\University\senior-project-1\dataset\internet\clear\คนน่ากลัวกว่าผีบอกเลย!.wav,38.5,39.6,none
C:\Users\muldi\Documents\Playground\University\senior-project-1\dataset\internet\clear\คนน่ากลัวกว่าผีบอกเลย!.wav,39.6,40.7,none
C:\Users\muldi\Documents\Playground\University\senior-project-1\dataset\internet\clear\คนน่ากลัวกว่าผีบอกเลย!.wav,40.7,41.8,none
C:\Users\muldi\Documents\Playground\University\senior-project-1\dataset\internet\clear\คนน่ากลัวกว่าผีบอกเลย!.wav,41.8,42.9,none
C:\Users\muldi\Documents\Playground\University\senior-project-1\dataset\internet\clear\คนน่ากลัวกว่าผีบอกเลย!.wav,42.9,44.0,none
C:\Users\muldi\Documents\Playground\University\senior-project-1\dataset\internet\clear\คนน่ากลัวกว่าผีบอกเลย!.wav,44.0,45.1,none
C:\Users\muldi\Documents\Playground\University\senior-project-1\dataset\internet\clear\คนน่ากลัวกว่าผีบอกเลย!.wav,45.1,46.2,กู
C:\Users\muldi\Documents\Playground\University\senior-project-1\dataset\internet\clear\คนน่ากลัวกว่าผีบอกเลย!.wav,46.2,47.3,none
C:\Users\muldi\Documents\Playground\University\senior-project-1\dataset\internet\clear\คนน่ากลัวกว่าผีบอกเลย!.wav,47.3,48.4,กู
C:\Users\muldi\Documents\Playground\University\senior-project-1\dataset\internet\clear\คนน่ากลัวกว่าผีบอกเลย!.wav,48.4,49.5,none
C:\Users\muldi\Documents\Playground\University\senior-project-1\dataset\internet\clear\คนน่ากลัวกว่าผีบอกเลย!.wav,49.5,50.6,none
C:\Users\muldi\Documents\Playground\University\senior-project-1\dataset\internet\clear\คนน่ากลัวกว่าผีบอกเลย!.wav,50.6,51.7,none
C:\Users\muldi\Documents\Playground\University\senior-project-1\dataset\internet\clear\คนน่ากลัวกว่าผีบอกเลย!.wav,51.7,52.8,none
C:\Users\muldi\Documents\Playground\University\senior-project-1\dataset\internet\clear\คนน่ากลัวกว่าผีบอกเลย!.wav,52.8,53.9,none
C:\Users\muldi\Documents\Playground\University\senior-project-1\dataset\internet\clear\จารย์แดง1.wav,0.0,1.1,กู
C:\Users\muldi\Documents\Playground\University\senior-project-1\dataset\internet\clear\จารย์แดง1.wav,1.1,2.2,none
C:\Users\muldi\Documents\Playground\University\senior-project-1\dataset\internet\clear\จารย์แดง1.wav,2.2,3.3,none
C:\Users\muldi\Documents\Playground\University\senior-project-1\dataset\internet\clear\จารย์แดง1.wav,3.3,4.4,เหี้ย
C:\Users\muldi\Documents\Playground\University\senior-project-1\dataset\internet\clear\จารย์แดง1.wav,4.4,5.5,มึง
C:\Users\muldi\Documents\Playground\University\senior-project-1\dataset\internet\clear\จารย์แดง1.wav,5.5,6.6,none
C:\Users\muldi\Documents\Playground\University\senior-project-1\dataset\internet\clear\จารย์แดง1.wav,6.6,7.7,มึง
C:\Users\muldi\Documents\Playground\University\senior-project-1\dataset\internet\clear\จารย์แดง1.wav,7.7,8.8,มึง
C:\Users\muldi\Documents\Playground\University\senior-project-1\dataset\internet\clear\จารย์แดง1.wav,8.8,9.9,มึง
C:\Users\muldi\Documents\Playground\University\senior-project-1\dataset\internet\clear\จารย์แดง1.wav,9.9,11.0,none
C:\Users\muldi\Documents\Playground\University\senior-project-1\dataset\internet\clear\จารย์แดง1.wav,11.0,12.1,none
C:\Users\muldi\Documents\Playground\University\senior-project-1\dataset\internet\clear\จารย์แดง1.wav,12.1,13.2,none
C:\Users\muldi\Documents\Playground\University\senior-project-1\dataset\internet\clear\ชีวิตมันจะสู้ก็ต้องสู้ #honkaistarrail.wav,0.0,1.1,none
C:\Users\muldi\Documents\Playground\University\senior-project-1\dataset\internet\clear\ชีวิตมันจะสู้ก็ต้องสู้ #honkaistarrail.wav,1.1,2.2,none
C:\Users\muldi\Documents\Playground\University\senior-project-1\dataset\internet\clear\ชีวิตมันจะสู้ก็ต้องสู้ #honkaistarrail.wav,2.2,3.3,none
C:\Users\muldi\Documents\Playground\University\senior-project-1\dataset\internet\clear\ชีวิตมันจะสู้ก็ต้องสู้ #honkaistarrail.wav,3.3,4.4,มึง
C:\Users\muldi\Documents\Playground\University\senior-project-1\dataset\internet\clear\ชีวิตมันจะสู้ก็ต้องสู้ #honkaistarrail.wav,4.4,5.5,none
C:\Users\muldi\Documents\Playground\University\senior-project-1\dataset\internet\clear\ชีวิตมันจะสู้ก็ต้องสู้ #honkaistarrail.wav,5.5,6.6,มึง
C:\Users\muldi\Documents\Playground\University\senior-project-1\dataset\internet\clear\ชีวิตมันจะสู้ก็ต้องสู้ #honkaistarrail.wav,6.6,7.7,none
C:\Users\muldi\Documents\Playground\University\senior-project-1\dataset\internet\clear\ชีวิตมันจะสู้ก็ต้องสู้ #honkaistarrail.wav,7.7,8.8,none
C:\Users\muldi\Documents\Playground\University\senior-project-1\dataset\internet\clear\ชีวิตมันจะสู้ก็ต้องสู้ #honkaistarrail.wav,8.8,9.9,none
C:\Users\muldi\Documents\Playground\University\senior-project-1\dataset\internet\clear\ชีวิตมันจะสู้ก็ต้องสู้ #honkaistarrail.wav,9.9,11.0,none
C:\Users\muldi\Documents\Playground\University\senior-project-1\dataset\internet\clear\ชีวิตมันจะสู้ก็ต้องสู้ #honkaistarrail.wav,11.0,12.1,มึง
C:\Users\muldi\Documents\Playground\University\senior-project-1\dataset\internet\clear\ชีวิตมันจะสู้ก็ต้องสู้ #honkaistarrail.wav,12.1,13.2,none
C:\Users\muldi\Documents\Playground\University\senior-project-1\dataset\internet\clear\ชีวิตมันจะสู้ก็ต้องสู้ #honkaistarrail.wav,13.2,14.3,none
C:\Users\muldi\Documents\Playground\University\senior-project-1\dataset\internet\clear\ชีวิตมันจะสู้ก็ต้องสู้ #honkaistarrail.wav,14.3,15.4,none
C:\Users\muldi\Documents\Playground\University\senior-project-1\dataset\internet\clear\ชีวิตมันจะสู้ก็ต้องสู้ #honkaistarrail.wav,15.4,16.5,none
C:\Users\muldi\Documents\Playground\University\senior-project-1\dataset\internet\clear\ชีวิตมันจะสู้ก็ต้องสู้ #honkaistarrail.wav,16.5,17.6,เหี้ย
C:\Users\muldi\Documents\Playground\University\senior-project-1\dataset\internet\clear\ชีวิตมันจะสู้ก็ต้องสู้ #honkaistarrail.wav,17.6,18.7,none
C:\Users\muldi\Documents\Playground\University\senior-project-1\dataset\internet\clear\ชีวิตมันจะสู้ก็ต้องสู้ #honkaistarrail.wav,18.7,19.8,none
C:\Users\muldi\Documents\Playground\University\senior-project-1\dataset\internet\clear\ชีวิตมันจะสู้ก็ต้องสู้ #honkaistarrail.wav,19.8,20.9,none
C:\Users\muldi\Documents\Playground\University\senior-project-1\dataset\internet\clear\ชีวิตมันจะสู้ก็ต้องสู้ #honkaistarrail.wav,20.9,22.0,none
C:\Users\muldi\Documents\Playground\University\senior-project-1\dataset\internet\clear\ชีวิตมันจะสู้ก็ต้องสู้ #honkaistarrail.wav,22.0,23.1,none
C:\Users\muldi\Documents\Playground\University\senior-project-1\dataset\internet\clear\ชีวิตมันจะสู้ก็ต้องสู้ #honkaistarrail.wav,23.1,24.2,none
C:\Users\muldi\Documents\Playground\University\senior-project-1\dataset\internet\clear\ชีวิตมันจะสู้ก็ต้องสู้ #honkaistarrail.wav,24.2,25.3,มึง
C:\Users\muldi\Documents\Playground\University\senior-project-1\dataset\internet\clear\ช่วยด้วย!! นวยจะมาอยู่ด้วย!!.wav,0.0,1.1,none
C:\Users\muldi\Documents\Playground\University\senior-project-1\dataset\internet\clear\ช่วยด้วย!! นวยจะมาอยู่ด้วย!!.wav,1.1,2.2,none
C:\Users\muldi\Documents\Playground\University\senior-project-1\dataset\internet\clear\ช่วยด้วย!! นวยจะมาอยู่ด้วย!!.wav,2.2,3.3,none
C:\Users\muldi\Documents\Playground\University\senior-project-1\dataset\internet\clear\ช่วยด้วย!! นวยจะมาอยู่ด้วย!!.wav,3.3,4.4,none
C:\Users\muldi\Documents\Playground\University\senior-project-1\dataset\internet\clear\ช่วยด้วย!! นวยจะมาอยู่ด้วย!!.wav,4.4,5.5,none
C:\Users\muldi\Documents\Playground\University\senior-project-1\dataset\internet\clear\ช่วยด้วย!! นวยจะมาอยู่ด้วย!!.wav,5.5,6.6,none
C:\Users\muldi\Documents\Playground\University\senior-project-1\dataset\internet\clear\ช่วยด้วย!! นวยจะมาอยู่ด้วย!!.wav,6.6,7.7,none
C:\Users\muldi\Documents\Playground\University\senior-project-1\dataset\internet\clear\ช่วยด้วย!! นวยจะมาอยู่ด้วย!!.wav,7.7,8.8,none
C:\Users\muldi\Documents\Playground\University\senior-project-1\dataset\internet\clear\ช่วยด้วย!! นวยจะมาอยู่ด้วย!!.wav,8.8,9.9,none
C:\Users\muldi\Documents\Playground\University\senior-project-1\dataset\internet\clear\ช่วยด้วย!! นวยจะมาอยู่ด้วย!!.wav,9.9,11.0,none
C:\Users\muldi\Documents\Playground\University\senior-project-1\dataset\internet\clear\ช่วยด้วย!! นวยจะมาอยู่ด้วย!!.wav,11.0,12.1,none
C:\Users\muldi\Documents\Playground\University\senior-project-1\dataset\internet\clear\ช่วยด้วย!! นวยจะมาอยู่ด้วย!!.wav,12.1,13.2,กู
C:\Users\muldi\Documents\Playground\University\senior-project-1\dataset\internet\clear\ช่วยด้วย!! นวยจะมาอยู่ด้วย!!.wav,13.2,14.3,มึง
C:\Users\muldi\Documents\Playground\University\senior-project-1\dataset\internet\clear\ช่วยด้วย!! นวยจะมาอยู่ด้วย!!.wav,14.3,15.4,none
C:\Users\muldi\Documents\Playground\University\senior-project-1\dataset\internet\clear\ช่วยด้วย!! นวยจะมาอยู่ด้วย!!.wav,15.4,16.5,none
C:\Users\muldi\Documents\Playground\University\senior-project-1\dataset\internet\clear\ช่วยด้วย!! นวยจะมาอยู่ด้วย!!.wav,16.5,17.6,none
C:\Users\muldi\Documents\Playground\University\senior-project-1\dataset\internet\clear\ช่วยด้วย!! นวยจะมาอยู่ด้วย!!.wav,17.6,18.7,none
C:\Users\muldi\Documents\Playground\University\senior-project-1\dataset\internet\clear\ช่วยด้วย!! นวยจะมาอยู่ด้วย!!.wav,18.7,19.8,none
C:\Users\muldi\Documents\Playground\University\senior-project-1\dataset\internet\clear\ช่วยด้วย!! นวยจะมาอยู่ด้วย!!.wav,19.8,20.9,none
C:\Users\muldi\Documents\Playground\University\senior-project-1\dataset\internet\clear\ช่วยด้วย!! นวยจะมาอยู่ด้วย!!.wav,20.9,22.0,none
C:\Users\muldi\Documents\Playground\University\senior-project-1\dataset\internet\clear\ช่วยด้วย!! นวยจะมาอยู่ด้วย!!.wav,22.0,23.1,none
C:\Users\muldi\Documents\Playground\University\senior-project-1\dataset\internet\clear\ช่วยด้วย!! นวยจะมาอยู่ด้วย!!.wav,23.1,24.2,none
C:\Users\muldi\Documents\Playground\University\senior-project-1\dataset\internet\clear\ช่วยด้วย!! นวยจะมาอยู่ด้วย!!.wav,24.2,25.3,none
C:\Users\muldi\Documents\Playground\University\senior-project-1\dataset\internet\clear\ช่วยด้วย!! นวยจะมาอยู่ด้วย!!.wav,25.3,26.4,none
C:\Users\muldi\Documents\Playground\University\senior-project-1\dataset\internet\clear\ช่วยด้วย!! นวยจะมาอยู่ด้วย!!.wav,26.4,27.5,none
C:\Users\muldi\Documents\Playground\University\senior-project-1\dataset\internet\clear\ช่วยด้วย!! นวยจะมาอยู่ด้วย!!.wav,27.5,28.6,none
C:\Users\muldi\Documents\Playground\University\senior-project-1\dataset\internet\clear\ช่วยด้วย!! นวยจะมาอยู่ด้วย!!.wav,28.6,29.7,none
C:\Users\muldi\Documents\Playground\University\senior-project-1\dataset\internet\clear\ช่วยด้วย!! นวยจะมาอยู่ด้วย!!.wav,29.7,30.8,none
C:\Users\muldi\Documents\Playground\University\senior-project-1\dataset\internet\clear\ช่วยด้วย!! นวยจะมาอยู่ด้วย!!.wav,30.8,31.9,none
C:\Users\muldi\Documents\Playground\University\senior-project-1\dataset\internet\clear\ช่วยด้วย!! นวยจะมาอยู่ด้วย!!.wav,31.9,33.0,none
C:\Users\muldi\Documents\Playground\University\senior-project-1\dataset\internet\clear\ช่วยด้วย!! นวยจะมาอยู่ด้วย!!.wav,33.0,34.1,กู
C:\Users\muldi\Documents\Playground\University\senior-project-1\dataset\internet\clear\ซามามาเท.wav,0.0,1.1,none
C:\Users\muldi\Documents\Playground\University\senior-project-1\dataset\internet\clear\ซามามาเท.wav,1.1,2.2,none
C:\Users\muldi\Documents\Playground\University\senior-project-1\dataset\internet\clear\ซามามาเท.wav,2.2,3.3,none
C:\Users\muldi\Documents\Playground\University\senior-project-1\dataset\internet\clear\ซามามาเท.wav,3.3,4.4,none
C:\Users\muldi\Documents\Playground\University\senior-project-1\dataset\internet\clear\ซามามาเท.wav,4.4,5.5,none
C:\Users\muldi\Documents\Playground\University\senior-project-1\dataset\internet\clear\ซามามาเท.wav,5.5,6.6,none
C:\Users\muldi\Documents\Playground\University\senior-project-1\dataset\internet\clear\ซามามาเท.wav,6.6,7.7,กู
C:\Users\muldi\Documents\Playground\University\senior-project-1\dataset\internet\clear\ซามามาเท.wav,7.7,8.8,none
C:\Users\muldi\Documents\Playground\University\senior-project-1\dataset\internet\clear\ซามามาเท.wav,8.8,9.9,none
C:\Users\muldi\Documents\Playground\University\senior-project-1\dataset\internet\clear\ซามามาเท.wav,9.9,11.0,none
C:\Users\muldi\Documents\Playground\University\senior-project-1\dataset\internet\clear\ซามามาเท.wav,11.0,12.1,none
C:\Users\muldi\Documents\Playground\University\senior-project-1\dataset\internet\clear\ซามามาเท.wav,12.1,13.2,none
C:\Users\muldi\Documents\Playground\University\senior-project-1\dataset\internet\clear\ซามามาเท.wav,13.2,14.3,none
C:\Users\muldi\Documents\Playground\University\senior-project-1\dataset\internet\clear\ซามามาเท.wav,14.3,15.4,none
C:\Users\muldi\Documents\Playground\University\senior-project-1\dataset\internet\clear\ซามามาเท.wav,15.4,16.5,none
C:\Users\muldi\Documents\Playground\University\senior-project-1\dataset\internet\clear\ซามามาเท.wav,16.5,17.6,none
C:\Users\muldi\Documents\Playground\University\senior-project-1\dataset\internet\clear\ซามามาเท.wav,17.6,18.7,กู
C:\Users\muldi\Documents\Playground\University\senior-project-1\dataset\internet\clear\ซามามาเท.wav,18.7,19.8,none
C:\Users\muldi\Documents\Playground\University\senior-project-1\dataset\internet\clear\ซามามาเท.wav,19.8,20.9,none
C:\Users\muldi\Documents\Playground\University\senior-project-1\dataset\internet\clear\ซามามาเท.wav,20.9,22.0,none
C:\Users\muldi\Documents\Playground\University\senior-project-1\dataset\internet\clear\ซามามาเท.wav,22.0,23.1,none
C:\Users\muldi\Documents\Playground\University\senior-project-1\dataset\internet\clear\ซามามาเท.wav,23.1,24.2,none
C:\Users\muldi\Documents\Playground\University\senior-project-1\dataset\internet\clear\ซามามาเท.wav,24.2,25.3,none
C:\Users\muldi\Documents\Playground\University\senior-project-1\dataset\internet\clear\ซามามาเท.wav,25.3,26.4,มึง
C:\Users\muldi\Documents\Playground\University\senior-project-1\dataset\internet\clear\ถ้าจะมาหลอกแค่นี้ อย่ามาดีกว่าไอ้น้อง.wav,0.0,1.1,none
C:\Users\muldi\Documents\Playground\University\senior-project-1\dataset\internet\clear\ถ้าจะมาหลอกแค่นี้ อย่ามาดีกว่าไอ้น้อง.wav,1.1,2.2,none
C:\Users\muldi\Documents\Playground\University\senior-project-1\dataset\internet\clear\ถ้าจะมาหลอกแค่นี้ อย่ามาดีกว่าไอ้น้อง.wav,2.2,3.3,none
C:\Users\muldi\Documents\Playground\University\senior-project-1\dataset\internet\clear\ถ้าจะมาหลอกแค่นี้ อย่ามาดีกว่าไอ้น้อง.wav,3.3,4.4,none
C:\Users\muldi\Documents\Playground\University\senior-project-1\dataset\internet\clear\ถ้าจะมาหลอกแค่นี้ อย่ามาดีกว่าไอ้น้อง.wav,4.4,5.5,none
C:\Users\muldi\Documents\Playground\University\senior-project-1\dataset\internet\clear\ถ้าจะมาหลอกแค่นี้ อย่ามาดีกว่าไอ้น้อง.wav,5.5,6.6,none
C:\Users\muldi\Documents\Playground\University\senior-project-1\dataset\internet\clear\ถ้าจะมาหลอกแค่นี้ อย่ามาดีกว่าไอ้น้อง.wav,6.6,7.7,none
C:\Users\muldi\Documents\Playground\University\senior-project-1\dataset\internet\clear\ถ้าจะมาหลอกแค่นี้ อย่ามาดีกว่าไอ้น้อง.wav,7.7,8.8,none
C:\Users\muldi\Documents\Playground\University\senior-project-1\dataset\internet\clear\ถ้าจะมาหลอกแค่นี้ อย่ามาดีกว่าไอ้น้อง.wav,8.8,9.9,none
C:\Users\muldi\Documents\Playground\University\senior-project-1\dataset\internet\clear\ถ้าจะมาหลอกแค่นี้ อย่ามาดีกว่าไอ้น้อง.wav,9.9,11.0,none
C:\Users\muldi\Documents\Playground\University\senior-project-1\dataset\internet\clear\ถ้าจะมาหลอกแค่นี้ อย่ามาดีกว่าไอ้น้อง.wav,11.0,12.1,none
C:\Users\muldi\Documents\Playground\University\senior-project-1\dataset\internet\clear\ถ้าจะมาหลอกแค่นี้ อย่ามาดีกว่าไอ้น้อง.wav,12.1,13.2,none
C:\Users\muldi\Documents\Playground\University\senior-project-1\dataset\internet\clear\ถ้าจะมาหลอกแค่นี้ อย่ามาดีกว่าไอ้น้อง.wav,13.2,14.3,none
C:\Users\muldi\Documents\Playground\University\senior-project-1\dataset\internet\clear\ถ้าจะมาหลอกแค่นี้ อย่ามาดีกว่าไอ้น้อง.wav,14.3,15.4,มึง
C:\Users\muldi\Documents\Playground\University\senior-project-1\dataset\internet\clear\ถ้าจะมาหลอกแค่นี้ อย่ามาดีกว่าไอ้น้อง.wav,15.4,16.5,กู
C:\Users\muldi\Documents\Playground\University\senior-project-1\dataset\internet\clear\ถ้าจะมาหลอกแค่นี้ อย่ามาดีกว่าไอ้น้อง.wav,16.5,17.6,none
C:\Users\muldi\Documents\Playground\University\senior-project-1\dataset\internet\clear\ถ้าจะมาหลอกแค่นี้ อย่ามาดีกว่าไอ้น้อง.wav,17.6,18.7,none
C:\Users\muldi\Documents\Playground\University\senior-project-1\dataset\internet\clear\ถ้าจะมาหลอกแค่นี้ อย่ามาดีกว่าไอ้น้อง.wav,18.7,19.8,กู
C:\Users\muldi\Documents\Playground\University\senior-project-1\dataset\internet\clear\ถ้าจะมาหลอกแค่นี้ อย่ามาดีกว่าไอ้น้อง.wav,19.8,20.9,none
C:\Users\muldi\Documents\Playground\University\senior-project-1\dataset\internet\clear\ถ้าจะมาหลอกแค่นี้ อย่ามาดีกว่าไอ้น้อง.wav,20.9,22.0,none
C:\Users\muldi\Documents\Playground\University\senior-project-1\dataset\internet\clear\ถ้าจะมาหลอกแค่นี้ อย่ามาดีกว่าไอ้น้อง.wav,22.0,23.1,none
C:\Users\muldi\Documents\Playground\University\senior-project-1\dataset\internet\clear\ถ้าจะมาหลอกแค่นี้ อย่ามาดีกว่าไอ้น้อง.wav,23.1,24.2,none
C:\Users\muldi\Documents\Playground\University\senior-project-1\dataset\internet\clear\ถ้าจะมาหลอกแค่นี้ อย่ามาดีกว่าไอ้น้อง.wav,24.2,25.3,none
C:\Users\muldi\Documents\Playground\University\senior-project-1\dataset\internet\clear\ถ้าจะมาหลอกแค่นี้ อย่ามาดีกว่าไอ้น้อง.wav,25.3,26.4,none
C:\Users\muldi\Documents\Playground\University\senior-project-1\dataset\internet\clear\ถ้าจะมาหลอกแค่นี้ อย่ามาดีกว่าไอ้น้อง.wav,26.4,27.5,none
C:\Users\muldi\Documents\Playground\University\senior-project-1\dataset\internet\clear\ถ้าจะมาหลอกแค่นี้ อย่ามาดีกว่าไอ้น้อง.wav,27.5,28.6,none
C:\Users\muldi\Documents\Playground\University\senior-project-1\dataset\internet\clear\ถ้าจะมาหลอกแค่นี้ อย่ามาดีกว่าไอ้น้อง.wav,28.6,29.7,none
C:\Users\muldi\Documents\Playground\University\senior-project-1\dataset\internet\clear\ถ้าจะมาหลอกแค่นี้ อย่ามาดีกว่าไอ้น้อง.wav,29.7,30.8,none
C:\Users\muldi\Documents\Playground\University\senior-project-1\dataset\internet\clear\ถ้าจะมาหลอกแค่นี้ อย่ามาดีกว่าไอ้น้อง.wav,30.8,31.9,none
C:\Users\muldi\Documents\Playground\University\senior-project-1\dataset\internet\clear\ถ้าจะมาหลอกแค่นี้ อย่ามาดีกว่าไอ้น้อง.wav,31.9,33.0,none
C:\Users\muldi\Documents\Playground\University\senior-project-1\dataset\internet\clear\ถ้าจะมาหลอกแค่นี้ อย่ามาดีกว่าไอ้น้อง.wav,33.0,34.1,none
C:\Users\muldi\Documents\Playground\University\senior-project-1\dataset\internet\clear\ถ้าจะมาหลอกแค่นี้ อย่ามาดีกว่าไอ้น้อง.wav,34.1,35.2,none
C:\Users\muldi\Documents\Playground\University\senior-project-1\dataset\internet\clear\ถ้าจะมาหลอกแค่นี้ อย่ามาดีกว่าไอ้น้อง.wav,35.2,36.3,none
C:\Users\muldi\Documents\Playground\University\senior-project-1\dataset\internet\clear\ถ้าจะมาหลอกแค่นี้ อย่ามาดีกว่าไอ้น้อง.wav,36.3,37.4,none
C:\Users\muldi\Documents\Playground\University\senior-project-1\dataset\internet\clear\ถ้าจะมาหลอกแค่นี้ อย่ามาดีกว่าไอ้น้อง.wav,37.4,38.5,none
C:\Users\muldi\Documents\Playground\University\senior-project-1\dataset\internet\clear\ถ้าจะมาหลอกแค่นี้ อย่ามาดีกว่าไอ้น้อง.wav,38.5,39.6,none
C:\Users\muldi\Documents\Playground\University\senior-project-1\dataset\internet\clear\ถ้าจะมาหลอกแค่นี้ อย่ามาดีกว่าไอ้น้อง.wav,39.6,40.7,none
C:\Users\muldi\Documents\Playground\University\senior-project-1\dataset\internet\clear\ถ้าจะมาหลอกแค่นี้ อย่ามาดีกว่าไอ้น้อง.wav,40.7,41.8,none
C:\Users\muldi\Documents\Playground\University\senior-project-1\dataset\internet\clear\ถ้าจะมาหลอกแค่นี้ อย่ามาดีกว่าไอ้น้อง.wav,41.8,42.9,กู
C:\Users\muldi\Documents\Playground\University\senior-project-1\dataset\internet\clear\ถ้าวันนึงหีมึงเหี่ยว.wav,0.0,1.1,none
C:\Users\muldi\Documents\Playground\University\senior-project-1\dataset\internet\clear\ถ้าวันนึงหีมึงเหี่ยว.wav,1.1,2.2,none
C:\Users\muldi\Documents\Playground\University\senior-project-1\dataset\internet\clear\ถ้าวันนึงหีมึงเหี่ยว.wav,2.2,3.3,none
C:\Users\muldi\Documents\Playground\University\senior-project-1\dataset\internet\clear\ถ้าวันนึงหีมึงเหี่ยว.wav,3.3,4.4,none
C:\Users\muldi\Documents\Playground\University\senior-project-1\dataset\internet\clear\ถ้าวันนึงหีมึงเหี่ยว.wav,4.4,5.5,none
C:\Users\muldi\Documents\Playground\University\senior-project-1\dataset\internet\clear\ถ้าวันนึงหีมึงเหี่ยว.wav,5.5,6.6,มึง
C:\Users\muldi\Documents\Playground\University\senior-project-1\dataset\internet\clear\ถ้าวันนึงหีมึงเหี่ยว.wav,6.6,7.7,มึง
C:\Users\muldi\Documents\Playground\University\senior-project-1\dataset\internet\clear\ถ้าวันนึงหีมึงเหี่ยว.wav,7.7,8.8,กู
C:\Users\muldi\Documents\Playground\University\senior-project-1\dataset\internet\clear\ถ้าวันนึงหีมึงเหี่ยว.wav,8.8,9.9,none
C:\Users\muldi\Documents\Playground\University\senior-project-1\dataset\internet\clear\ถ้าวันนึงหีมึงเหี่ยว.wav,9.9,11.0,none
C:\Users\muldi\Documents\Playground\University\senior-project-1\dataset\internet\clear\ถ้าวันนึงหีมึงเหี่ยว.wav,11.0,12.1,มึง
C:\Users\muldi\Documents\Playground\University\senior-project-1\dataset\internet\clear\ถ้าวันนึงหีมึงเหี่ยว.wav,12.1,13.2,กู
C:\Users\muldi\Documents\Playground\University\senior-project-1\dataset\internet\clear\ถ้าวันนึงหีมึงเหี่ยว.wav,13.2,14.3,มึง
C:\Users\muldi\Documents\Playground\University\senior-project-1\dataset\internet\clear\ถ้าวันนึงหีมึงเหี่ยว.wav,14.3,15.4,none
C:\Users\muldi\Documents\Playground\University\senior-project-1\dataset\internet\clear\ถ้าวันนึงหีมึงเหี่ยว.wav,15.4,16.5,มึง
C:\Users\muldi\Documents\Playground\University\senior-project-1\dataset\internet\clear\ประชุมรวมญาติเชลซี.wav,0.0,1.1,none
C:\Users\muldi\Documents\Playground\University\senior-project-1\dataset\internet\clear\ประชุมรวมญาติเชลซี.wav,1.1,2.2,none
C:\Users\muldi\Documents\Playground\University\senior-project-1\dataset\internet\clear\ประชุมรวมญาติเชลซี.wav,2.2,3.3,none
C:\Users\muldi\Documents\Playground\University\senior-project-1\dataset\internet\clear\ประชุมรวมญาติเชลซี.wav,3.3,4.4,none
C:\Users\muldi\Documents\Playground\University\senior-project-1\dataset\internet\clear\ประชุมรวมญาติเชลซี.wav,4.4,5.5,none
C:\Users\muldi\Documents\Playground\University\senior-project-1\dataset\internet\clear\ประชุมรวมญาติเชลซี.wav,5.5,6.6,none
C:\Users\muldi\Documents\Playground\University\senior-project-1\dataset\internet\clear\ประชุมรวมญาติเชลซี.wav,6.6,7.7,none
C:\Users\muldi\Documents\Playground\University\senior-project-1\dataset\internet\clear\ประชุมรวมญาติเชลซี.wav,7.7,8.8,none
C:\Users\muldi\Documents\Playground\University\senior-project-1\dataset\internet\clear\ประชุมรวมญาติเชลซี.wav,8.8,9.9,none
C:\Users\muldi\Documents\Playground\University\senior-project-1\dataset\internet\clear\ประชุมรวมญาติเชลซี.wav,9.9,11.0,none
C:\Users\muldi\Documents\Playground\University\senior-project-1\dataset\internet\clear\ประชุมรวมญาติเชลซี.wav,11.0,12.1,none
C:\Users\muldi\Documents\Playground\University\senior-project-1\dataset\internet\clear\ประชุมรวมญาติเชลซี.wav,12.1,13.2,none
C:\Users\muldi\Documents\Playground\University\senior-project-1\dataset\internet\clear\ประชุมรวมญาติเชลซี.wav,13.2,14.3,none
C:\Users\muldi\Documents\Playground\University\senior-project-1\dataset\internet\clear\ประชุมรวมญาติเชลซี.wav,14.3,15.4,none
C:\Users\muldi\Documents\Playground\University\senior-project-1\dataset\internet\clear\ประชุมรวมญาติเชลซี.wav,15.4,16.5,none
C:\Users\muldi\Documents\Playground\University\senior-project-1\dataset\internet\clear\ประชุมรวมญาติเชลซี.wav,16.5,17.6,none
C:\Users\muldi\Documents\Playground\University\senior-project-1\dataset\internet\clear\ประชุมรวมญาติเชลซี.wav,17.6,18.7,none
C:\Users\muldi\Documents\Playground\University\senior-project-1\dataset\internet\clear\ประชุมรวมญาติเชลซี.wav,18.7,19.8,none
C:\Users\muldi\Documents\Playground\University\senior-project-1\dataset\internet\clear\ประชุมรวมญาติเชลซี.wav,19.8,20.9,none
C:\Users\muldi\Documents\Playground\University\senior-project-1\dataset\internet\clear\ประชุมรวมญาติเชลซี.wav,20.9,22.0,none
C:\Users\muldi\Documents\Playground\University\senior-project-1\dataset\internet\clear\ประชุมรวมญาติเชลซี.wav,22.0,23.1,none
C:\Users\muldi\Documents\Playground\University\senior-project-1\dataset\internet\clear\ประชุมรวมญาติเชลซี.wav,23.1,24.2,none
C:\Users\muldi\Documents\Playground\University\senior-project-1\dataset\internet\clear\ประชุมรวมญาติเชลซี.wav,24.2,25.3,none
C:\Users\muldi\Documents\Playground\University\senior-project-1\dataset\internet\clear\ประชุมรวมญาติเชลซี.wav,25.3,26.4,none
C:\Users\muldi\Documents\Playground\University\senior-project-1\dataset\internet\clear\ประชุมรวมญาติเชลซี.wav,26.4,27.5,none
C:\Users\muldi\Documents\Playground\University\senior-project-1\dataset\internet\clear\ประชุมรวมญาติเชลซี.wav,27.5,28.6,none
C:\Users\muldi\Documents\Playground\University\senior-project-1\dataset\internet\clear\ประชุมรวมญาติเชลซี.wav,28.6,29.7,none
C:\Users\muldi\Documents\Playground\University\senior-project-1\dataset\internet\clear\ประชุมรวมญาติเชลซี.wav,29.7,30.8,none
C:\Users\muldi\Documents\Playground\University\senior-project-1\dataset\internet\clear\ประชุมรวมญาติเชลซี.wav,30.8,31.9,none
C:\Users\muldi\Documents\Playground\University\senior-project-1\dataset\internet\clear\ประชุมรวมญาติเชลซี.wav,31.9,33.0,none
C:\Users\muldi\Documents\Playground\University\senior-project-1\dataset\internet\clear\ประชุมรวมญาติเชลซี.wav,33.0,34.1,none
C:\Users\muldi\Documents\Playground\University\senior-project-1\dataset\internet\clear\ประชุมรวมญาติเชลซี.wav,34.1,35.2,none
C:\Users\muldi\Documents\Playground\University\senior-project-1\dataset\internet\clear\ประชุมรวมญาติเชลซี.wav,35.2,36.3,none
C:\Users\muldi\Documents\Playground\University\senior-project-1\dataset\internet\clear\ประชุมรวมญาติเชลซี.wav,36.3,37.4,none
C:\Users\muldi\Documents\Playground\University\senior-project-1\dataset\internet\clear\ประชุมรวมญาติเชลซี.wav,37.4,38.5,none
C:\Users\muldi\Documents\Playground\University\senior-project-1\dataset\internet\clear\ประชุมรวมญาติเชลซี.wav,38.5,39.6,none
C:\Users\muldi\Documents\Playground\University\senior-project-1\dataset\internet\clear\ประชุมรวมญาติเชลซี.wav,39.6,40.7,none
C:\Users\muldi\Documents\Playground\University\senior-project-1\dataset\internet\clear\ประชุมรวมญาติเชลซี.wav,40.7,41.8,none
C:\Users\muldi\Documents\Playground\University\senior-project-1\dataset\internet\clear\ประชุมรวมญาติเชลซี.wav,41.8,42.9,none
C:\Users\muldi\Documents\Playground\University\senior-project-1\dataset\internet\clear\ประชุมรวมญาติเชลซี.wav,42.9,44.0,none
C:\Users\muldi\Documents\Playground\University\senior-project-1\dataset\internet\clear\ประชุมรวมญาติเชลซี.wav,44.0,45.1,none
C:\Users\muldi\Documents\Playground\University\senior-project-1\dataset\internet\clear\ประชุมรวมญาติเชลซี.wav,45.1,46.2,none
C:\Users\muldi\Documents\Playground\University\senior-project-1\dataset\internet\clear\ประชุมรวมญาติเชลซี.wav,46.2,47.3,none
C:\Users\muldi\Documents\Playground\University\senior-project-1\dataset\internet\clear\ประชุมรวมญาติเชลซี.wav,47.3,48.4,none
C:\Users\muldi\Documents\Playground\University\senior-project-1\dataset\internet\clear\ประชุมรวมญาติเชลซี.wav,48.4,49.5,none
C:\Users\muldi\Documents\Playground\University\senior-project-1\dataset\internet\clear\ประชุมรวมญาติเชลซี.wav,49.5,50.6,none
C:\Users\muldi\Documents\Playground\University\senior-project-1\dataset\internet\clear\ประชุมรวมญาติเชลซี.wav,50.6,51.7,none
C:\Users\muldi\Documents\Playground\University\senior-project-1\dataset\internet\clear\ประชุมรวมญาติเชลซี.wav,51.7,52.8,none
C:\Users\muldi\Documents\Playground\University\senior-project-1\dataset\internet\clear\ประชุมรวมญาติเชลซี.wav,52.8,53.9,none
C:\Users\muldi\Documents\Playground\University\senior-project-1\dataset\internet\clear\ประชุมรวมญาติเชลซี.wav,53.9,55.0,none
C:\Users\muldi\Documents\Playground\University\senior-project-1\dataset\internet\clear\ประชุมรวมญาติเชลซี.wav,55.0,56.1,none
C:\Users\muldi\Documents\Playground\University\senior-project-1\dataset\internet\clear\ประชุมรวมญาติเชลซี.wav,56.1,57.2,none
C:\Users\muldi\Documents\Playground\University\senior-project-1\dataset\internet\clear\ประชุมรวมญาติเชลซี.wav,57.2,58.3,none
C:\Users\muldi\Documents\Playground\University\senior-project-1\dataset\internet\clear\ประชุมรวมญาติเชลซี.wav,58.3,59.4,none
C:\Users\muldi\Documents\Playground\University\senior-project-1\dataset\internet\clear\ประชุมรวมญาติเชลซี.wav,59.4,60.5,none
C:\Users\muldi\Documents\Playground\University\senior-project-1\dataset\internet\clear\ประชุมรวมญาติเชลซี.wav,60.5,61.6,none
C:\Users\muldi\Documents\Playground\University\senior-project-1\dataset\internet\clear\ประชุมรวมญาติเชลซี.wav,61.6,62.7,none
C:\Users\muldi\Documents\Playground\University\senior-project-1\dataset\internet\clear\ประชุมรวมญาติเชลซี.wav,62.7,63.8,none
C:\Users\muldi\Documents\Playground\University\senior-project-1\dataset\internet\clear\ประชุมรวมญาติเชลซี.wav,63.8,64.9,none
C:\Users\muldi\Documents\Playground\University\senior-project-1\dataset\internet\clear\ประชุมรวมญาติเชลซี.wav,64.9,66.0,none
C:\Users\muldi\Documents\Playground\University\senior-project-1\dataset\internet\clear\ประชุมรวมญาติเชลซี.wav,66.0,67.1,none
C:\Users\muldi\Documents\Playground\University\senior-project-1\dataset\internet\clear\ประชุมรวมญาติเชลซี.wav,67.1,68.2,none
C:\Users\muldi\Documents\Playground\University\senior-project-1\dataset\internet\clear\ประชุมรวมญาติเชลซี.wav,68.2,69.3,none
C:\Users\muldi\Documents\Playground\University\senior-project-1\dataset\internet\clear\ประชุมรวมญาติเชลซี.wav,69.3,70.4,none
C:\Users\muldi\Documents\Playground\University\senior-project-1\dataset\internet\clear\ประชุมรวมญาติเชลซี.wav,70.4,71.5,none
C:\Users\muldi\Documents\Playground\University\senior-project-1\dataset\internet\clear\ประชุมรวมญาติเชลซี.wav,71.5,72.6,none
C:\Users\muldi\Documents\Playground\University\senior-project-1\dataset\internet\clear\ประชุมรวมญาติเชลซี.wav,72.6,73.7,none
C:\Users\muldi\Documents\Playground\University\senior-project-1\dataset\internet\clear\ประชุมรวมญาติเชลซี.wav,73.7,74.8,none
C:\Users\muldi\Documents\Playground\University\senior-project-1\dataset\internet\clear\ประชุมรวมญาติเชลซี.wav,74.8,75.9,none
C:\Users\muldi\Documents\Playground\University\senior-project-1\dataset\internet\clear\ประชุมรวมญาติเชลซี.wav,75.9,77.0,none
C:\Users\muldi\Documents\Playground\University\senior-project-1\dataset\internet\clear\ประชุมรวมญาติเชลซี.wav,77.0,78.1,none
C:\Users\muldi\Documents\Playground\University\senior-project-1\dataset\internet\clear\ประชุมรวมญาติเชลซี.wav,78.1,79.2,none
C:\Users\muldi\Documents\Playground\University\senior-project-1\dataset\internet\clear\ประชุมรวมญาติเชลซี.wav,79.2,80.3,none
C:\Users\muldi\Documents\Playground\University\senior-project-1\dataset\internet\clear\ประชุมรวมญาติเชลซี.wav,80.3,81.4,none
C:\Users\muldi\Documents\Playground\University\senior-project-1\dataset\internet\clear\ประชุมรวมญาติเชลซี.wav,81.4,82.5,none
C:\Users\muldi\Documents\Playground\University\senior-project-1\dataset\internet\clear\ประชุมรวมญาติเชลซี.wav,82.5,83.6,none
C:\Users\muldi\Documents\Playground\University\senior-project-1\dataset\internet\clear\ประชุมรวมญาติเชลซี.wav,83.6,84.7,none
C:\Users\muldi\Documents\Playground\University\senior-project-1\dataset\internet\clear\ประชุมรวมญาติเชลซี.wav,84.7,85.8,none
C:\Users\muldi\Documents\Playground\University\senior-project-1\dataset\internet\clear\ประชุมรวมญาติเชลซี.wav,85.8,86.9,none
C:\Users\muldi\Documents\Playground\University\senior-project-1\dataset\internet\clear\ประชุมรวมญาติเชลซี.wav,86.9,88.0,none
C:\Users\muldi\Documents\Playground\University\senior-project-1\dataset\internet\clear\ประชุมรวมญาติเชลซี.wav,88.0,89.1,none
C:\Users\muldi\Documents\Playground\University\senior-project-1\dataset\internet\clear\ประชุมรวมญาติเชลซี.wav,89.1,90.2,none
C:\Users\muldi\Documents\Playground\University\senior-project-1\dataset\internet\clear\ประชุมรวมญาติเชลซี.wav,90.2,91.3,none
C:\Users\muldi\Documents\Playground\University\senior-project-1\dataset\internet\clear\ประชุมรวมญาติเชลซี.wav,91.3,92.4,none
C:\Users\muldi\Documents\Playground\University\senior-project-1\dataset\internet\clear\ประชุมรวมญาติเชลซี.wav,92.4,93.5,none
C:\Users\muldi\Documents\Playground\University\senior-project-1\dataset\internet\clear\ประชุมรวมญาติเชลซี.wav,93.5,94.6,none
C:\Users\muldi\Documents\Playground\University\senior-project-1\dataset\internet\clear\ประชุมรวมญาติเชลซี.wav,94.6,95.7,none
C:\Users\muldi\Documents\Playground\University\senior-project-1\dataset\internet\clear\ประชุมรวมญาติเชลซี.wav,95.7,96.8,none
C:\Users\muldi\Documents\Playground\University\senior-project-1\dataset\internet\clear\ประชุมรวมญาติเชลซี.wav,96.8,97.9,none
C:\Users\muldi\Documents\Playground\University\senior-project-1\dataset\internet\clear\ประชุมรวมญาติเชลซี.wav,97.9,99.0,none
C:\Users\muldi\Documents\Playground\University\senior-project-1\dataset\internet\clear\ประชุมรวมญาติเชลซี.wav,99.0,100.1,none
C:\Users\muldi\Documents\Playground\University\senior-project-1\dataset\internet\clear\ประชุมรวมญาติเชลซี.wav,100.1,101.2,none
C:\Users\muldi\Documents\Playground\University\senior-project-1\dataset\internet\clear\ประชุมรวมญาติเชลซี.wav,101.2,102.3,none
C:\Users\muldi\Documents\Playground\University\senior-project-1\dataset\internet\clear\ประชุมรวมญาติเชลซี.wav,102.3,103.4,none
C:\Users\muldi\Documents\Playground\University\senior-project-1\dataset\internet\clear\ประชุมรวมญาติเชลซี.wav,103.4,104.5,none
C:\Users\muldi\Documents\Playground\University\senior-project-1\dataset\internet\clear\ประชุมรวมญาติเชลซี.wav,104.5,105.6,none
C:\Users\muldi\Documents\Playground\University\senior-project-1\dataset\internet\clear\ประชุมรวมญาติเชลซี.wav,105.6,106.7,none
C:\Users\muldi\Documents\Playground\University\senior-project-1\dataset\internet\clear\ประชุมรวมญาติเชลซี.wav,106.7,107.8,none
C:\Users\muldi\Documents\Playground\University\senior-project-1\dataset\internet\clear\ประชุมรวมญาติเชลซี.wav,107.8,108.9,none
C:\Users\muldi\Documents\Playground\University\senior-project-1\dataset\internet\clear\ประชุมรวมญาติเชลซี.wav,108.9,110.0,none
C:\Users\muldi\Documents\Playground\University\senior-project-1\dataset\internet\clear\ประชุมรวมญาติเชลซี.wav,110.0,111.1,none
C:\Users\muldi\Documents\Playground\University\senior-project-1\dataset\internet\clear\ประชุมรวมญาติเชลซี.wav,111.1,112.2,none
C:\Users\muldi\Documents\Playground\University\senior-project-1\dataset\internet\clear\ประชุมรวมญาติเชลซี.wav,112.2,113.3,none
C:\Users\muldi\Documents\Playground\University\senior-project-1\dataset\internet\clear\ประชุมรวมญาติเชลซี.wav,113.3,114.4,none
C:\Users\muldi\Documents\Playground\University\senior-project-1\dataset\internet\clear\ประชุมรวมญาติเชลซี.wav,114.4,115.5,none
C:\Users\muldi\Documents\Playground\University\senior-project-1\dataset\internet\clear\ประชุมรวมญาติเชลซี.wav,115.5,116.6,none
C:\Users\muldi\Documents\Playground\University\senior-project-1\dataset\internet\clear\ประชุมรวมญาติเชลซี.wav,116.6,117.7,none
C:\Users\muldi\Documents\Playground\University\senior-project-1\dataset\internet\clear\ประชุมรวมญาติเชลซี.wav,117.7,118.8,none
C:\Users\muldi\Documents\Playground\University\senior-project-1\dataset\internet\clear\ประชุมรวมญาติเชลซี.wav,118.8,119.9,none
C:\Users\muldi\Documents\Playground\University\senior-project-1\dataset\internet\clear\ประชุมรวมญาติเชลซี.wav,119.9,121.0,none
C:\Users\muldi\Documents\Playground\University\senior-project-1\dataset\internet\clear\ประชุมรวมญาติเชลซี.wav,121.0,122.1,none
C:\Users\muldi\Documents\Playground\University\senior-project-1\dataset\internet\clear\ประชุมรวมญาติเชลซี.wav,122.1,123.2,none
C:\Users\muldi\Documents\Playground\University\senior-project-1\dataset\internet\clear\ประชุมรวมญาติเชลซี.wav,123.2,124.3,none
C:\Users\muldi\Documents\Playground\University\senior-project-1\dataset\internet\clear\ประชุมรวมญาติเชลซี.wav,124.3,125.4,none
C:\Users\muldi\Documents\Playground\University\senior-project-1\dataset\internet\clear\ประชุมรวมญาติเชลซี.wav,125.4,126.5,none
C:\Users\muldi\Documents\Playground\University\senior-project-1\dataset\internet\clear\ประชุมรวมญาติเชลซี.wav,126.5,127.6,none
C:\Users\muldi\Documents\Playground\University\senior-project-1\dataset\internet\clear\ประชุมรวมญาติเชลซี.wav,127.6,128.7,none
C:\Users\muldi\Documents\Playground\University\senior-project-1\dataset\internet\clear\ประชุมรวมญาติเชลซี.wav,128.7,129.8,none
C:\Users\muldi\Documents\Playground\University\senior-project-1\dataset\internet\clear\ประชุมรวมญาติเชลซี.wav,129.8,130.9,none
C:\Users\muldi\Documents\Playground\University\senior-project-1\dataset\internet\clear\ประชุมรวมญาติเชลซี.wav,130.9,132.0,none
C:\Users\muldi\Documents\Playground\University\senior-project-1\dataset\internet\clear\ประชุมรวมญาติเชลซี.wav,132.0,133.1,none
C:\Users\muldi\Documents\Playground\University\senior-project-1\dataset\internet\clear\ประชุมรวมญาติเชลซี.wav,133.1,134.2,none
C:\Users\muldi\Documents\Playground\University\senior-project-1\dataset\internet\clear\ประชุมรวมญาติเชลซี.wav,134.2,135.3,none
C:\Users\muldi\Documents\Playground\University\senior-project-1\dataset\internet\clear\ประชุมรวมญาติเชลซี.wav,135.3,136.4,none
C:\Users\muldi\Documents\Playground\University\senior-project-1\dataset\internet\clear\ประชุมรวมญาติเชลซี.wav,136.4,137.5,none
C:\Users\muldi\Documents\Playground\University\senior-project-1\dataset\internet\clear\ประชุมรวมญาติเชลซี.wav,137.5,138.6,none
C:\Users\muldi\Documents\Playground\University\senior-project-1\dataset\internet\clear\ประชุมรวมญาติเชลซี.wav,138.6,139.7,none
C:\Users\muldi\Documents\Playground\University\senior-project-1\dataset\internet\clear\ประชุมรวมญาติเชลซี.wav,139.7,140.8,none
C:\Users\muldi\Documents\Playground\University\senior-project-1\dataset\internet\clear\ประชุมรวมญาติเชลซี.wav,140.8,141.9,none
C:\Users\muldi\Documents\Playground\University\senior-project-1\dataset\internet\clear\ประชุมรวมญาติเชลซี.wav,141.9,143.0,กู
C:\Users\muldi\Documents\Playground\University\senior-project-1\dataset\internet\clear\ประชุมรวมญาติเชลซี.wav,143.0,144.1,เหี้ย
C:\Users\muldi\Documents\Playground\University\senior-project-1\dataset\internet\clear\ประชุมรวมญาติเชลซี.wav,144.1,145.2,กู
C:\Users\muldi\Documents\Playground\University\senior-project-1\dataset\internet\clear\ประชุมรวมญาติเชลซี.wav,145.2,146.3,none
C:\Users\muldi\Documents\Playground\University\senior-project-1\dataset\internet\clear\ประชุมรวมญาติเชลซี.wav,146.3,147.4,none
C:\Users\muldi\Documents\Playground\University\senior-project-1\dataset\internet\clear\ประชุมรวมญาติเชลซี.wav,147.4,148.5,none
C:\Users\muldi\Documents\Playground\University\senior-project-1\dataset\internet\clear\ประชุมรวมญาติเชลซี.wav,148.5,149.6,none
C:\Users\muldi\Documents\Playground\University\senior-project-1\dataset\internet\clear\ประชุมรวมญาติเชลซี.wav,149.6,150.7,none
C:\Users\muldi\Documents\Playground\University\senior-project-1\dataset\internet\clear\ประชุมรวมญาติเชลซี.wav,150.7,151.8,none
C:\Users\muldi\Documents\Playground\University\senior-project-1\dataset\internet\clear\ประชุมรวมญาติเชลซี.wav,151.8,152.9,none
C:\Users\muldi\Documents\Playground\University\senior-project-1\dataset\internet\clear\ประชุมรวมญาติเชลซี.wav,152.9,154.0,none
C:\Users\muldi\Documents\Playground\University\senior-project-1\dataset\internet\clear\ประชุมรวมญาติเชลซี.wav,154.0,155.1,none
C:\Users\muldi\Documents\Playground\University\senior-project-1\dataset\internet\clear\ประชุมรวมญาติเชลซี.wav,155.1,156.2,none
C:\Users\muldi\Documents\Playground\University\senior-project-1\dataset\internet\clear\ประชุมรวมญาติเชลซี.wav,156.2,157.3,none
C:\Users\muldi\Documents\Playground\University\senior-project-1\dataset\internet\clear\ประชุมรวมญาติเชลซี.wav,157.3,158.4,none
C:\Users\muldi\Documents\Playground\University\senior-project-1\dataset\internet\clear\ประชุมรวมญาติเชลซี.wav,158.4,159.5,none
C:\Users\muldi\Documents\Playground\University\senior-project-1\dataset\internet\clear\ประชุมรวมญาติเชลซี.wav,159.5,160.6,none
C:\Users\muldi\Documents\Playground\University\senior-project-1\dataset\internet\clear\ประชุมรวมญาติเชลซี.wav,160.6,161.7,none
C:\Users\muldi\Documents\Playground\University\senior-project-1\dataset\internet\clear\ประชุมรวมญาติเชลซี.wav,161.7,162.8,none
C:\Users\muldi\Documents\Playground\University\senior-project-1\dataset\internet\clear\ประชุมรวมญาติเชลซี.wav,162.8,163.9,none
C:\Users\muldi\Documents\Playground\University\senior-project-1\dataset\internet\clear\ประชุมรวมญาติเชลซี.wav,163.9,165.0,none
C:\Users\muldi\Documents\Playground\University\senior-project-1\dataset\internet\clear\ประชุมรวมญาติเชลซี.wav,165.0,166.1,none
C:\Users\muldi\Documents\Playground\University\senior-project-1\dataset\internet\clear\ประชุมรวมญาติเชลซี.wav,166.1,167.2,none
C:\Users\muldi\Documents\Playground\University\senior-project-1\dataset\internet\clear\ประชุมรวมญาติเชลซี.wav,167.2,168.3,none
C:\Users\muldi\Documents\Playground\University\senior-project-1\dataset\internet\clear\ประชุมรวมญาติเชลซี.wav,168.3,169.4,none
C:\Users\muldi\Documents\Playground\University\senior-project-1\dataset\internet\clear\ประชุมรวมญาติเชลซี.wav,169.4,170.5,none
C:\Users\muldi\Documents\Playground\University\senior-project-1\dataset\internet\clear\ประชุมรวมญาติเชลซี.wav,170.5,171.6,none
C:\Users\muldi\Documents\Playground\University\senior-project-1\dataset\internet\clear\ประชุมรวมญาติเชลซี.wav,171.6,172.7,none
C:\Users\muldi\Documents\Playground\University\senior-project-1\dataset\internet\clear\ประชุมรวมญาติเชลซี.wav,172.7,173.8,none
C:\Users\muldi\Documents\Playground\University\senior-project-1\dataset\internet\clear\ประชุมรวมญาติเชลซี.wav,173.8,174.9,none
C:\Users\muldi\Documents\Playground\University\senior-project-1\dataset\internet\clear\ประชุมรวมญาติเชลซี.wav,174.9,176.0,none
C:\Users\muldi\Documents\Playground\University\senior-project-1\dataset\internet\clear\ประชุมรวมญาติเชลซี.wav,176.0,177.1,none
C:\Users\muldi\Documents\Playground\University\senior-project-1\dataset\internet\clear\ประชุมรวมญาติเชลซี.wav,177.1,178.2,none
C:\Users\muldi\Documents\Playground\University\senior-project-1\dataset\internet\clear\ประชุมรวมญาติเชลซี.wav,178.2,179.3,none
C:\Users\muldi\Documents\Playground\University\senior-project-1\dataset\internet\clear\ประชุมรวมญาติเชลซี.wav,179.3,180.4,none
C:\Users\muldi\Documents\Playground\University\senior-project-1\dataset\internet\clear\ประชุมรวมญาติเชลซี.wav,180.4,181.5,กู
C:\Users\muldi\Documents\Playground\University\senior-project-1\dataset\internet\clear\ประชุมรวมญาติเชลซี.wav,181.5,182.6,กู
C:\Users\muldi\Documents\Playground\University\senior-project-1\dataset\internet\clear\พากย์สุดโต่ง VS พากย์สุขุม.wav,0.0,1.1,none
C:\Users\muldi\Documents\Playground\University\senior-project-1\dataset\internet\clear\พากย์สุดโต่ง VS พากย์สุขุม.wav,1.1,2.2,none
C:\Users\muldi\Documents\Playground\University\senior-project-1\dataset\internet\clear\พากย์สุดโต่ง VS พากย์สุขุม.wav,2.2,3.3,none
C:\Users\muldi\Documents\Playground\University\senior-project-1\dataset\internet\clear\พากย์สุดโต่ง VS พากย์สุขุม.wav,3.3,4.4,none
C:\Users\muldi\Documents\Playground\University\senior-project-1\dataset\internet\clear\พากย์สุดโต่ง VS พากย์สุขุม.wav,4.4,5.5,none
C:\Users\muldi\Documents\Playground\University\senior-project-1\dataset\internet\clear\พากย์สุดโต่ง VS พากย์สุขุม.wav,5.5,6.6,none
C:\Users\muldi\Documents\Playground\University\senior-project-1\dataset\internet\clear\พากย์สุดโต่ง VS พากย์สุขุม.wav,6.6,7.7,none
C:\Users\muldi\Documents\Playground\University\senior-project-1\dataset\internet\clear\พากย์สุดโต่ง VS พากย์สุขุม.wav,7.7,8.8,none
C:\Users\muldi\Documents\Playground\University\senior-project-1\dataset\internet\clear\พากย์สุดโต่ง VS พากย์สุขุม.wav,8.8,9.9,none
C:\Users\muldi\Documents\Playground\University\senior-project-1\dataset\internet\clear\พากย์สุดโต่ง VS พากย์สุขุม.wav,9.9,11.0,none
C:\Users\muldi\Documents\Playground\University\senior-project-1\dataset\internet\clear\พากย์สุดโต่ง VS พากย์สุขุม.wav,11.0,12.1,none
C:\Users\muldi\Documents\Playground\University\senior-project-1\dataset\internet\clear\พากย์สุดโต่ง VS พากย์สุขุม.wav,12.1,13.2,none
C:\Users\muldi\Documents\Playground\University\senior-project-1\dataset\internet\clear\พากย์สุดโต่ง VS พากย์สุขุม.wav,13.2,14.3,none
C:\Users\muldi\Documents\Playground\University\senior-project-1\dataset\internet\clear\พากย์สุดโต่ง VS พากย์สุขุม.wav,14.3,15.4,none
C:\Users\muldi\Documents\Playground\University\senior-project-1\dataset\internet\clear\พากย์สุดโต่ง VS พากย์สุขุม.wav,15.4,16.5,none
C:\Users\muldi\Documents\Playground\University\senior-project-1\dataset\internet\clear\พากย์สุดโต่ง VS พากย์สุขุม.wav,16.5,17.6,none
C:\Users\muldi\Documents\Playground\University\senior-project-1\dataset\internet\clear\พากย์สุดโต่ง VS พากย์สุขุม.wav,17.6,18.7,none
C:\Users\muldi\Documents\Playground\University\senior-project-1\dataset\internet\clear\พากย์สุดโต่ง VS พากย์สุขุม.wav,18.7,19.8,none
C:\Users\muldi\Documents\Playground\University\senior-project-1\dataset\internet\clear\พากย์สุดโต่ง VS พากย์สุขุม.wav,19.8,20.9,none
C:\Users\muldi\Documents\Playground\University\senior-project-1\dataset\internet\clear\พากย์สุดโต่ง VS พากย์สุขุม.wav,20.9,22.0,none
C:\Users\muldi\Documents\Playground\University\senior-project-1\dataset\internet\clear\พากย์สุดโต่ง VS พากย์สุขุม.wav,22.0,23.1,none
C:\Users\muldi\Documents\Playground\University\senior-project-1\dataset\internet\clear\พากย์สุดโต่ง VS พากย์สุขุม.wav,23.1,24.2,none
C:\Users\muldi\Documents\Playground\University\senior-project-1\dataset\internet\clear\พากย์สุดโต่ง VS พากย์สุขุม.wav,24.2,25.3,none
C:\Users\muldi\Documents\Playground\University\senior-project-1\dataset\internet\clear\พากย์สุดโต่ง VS พากย์สุขุม.wav,25.3,26.4,none
C:\Users\muldi\Documents\Playground\University\senior-project-1\dataset\internet\clear\พากย์สุดโต่ง VS พากย์สุขุม.wav,26.4,27.5,none
C:\Users\muldi\Documents\Playground\University\senior-project-1\dataset\internet\clear\พากย์สุดโต่ง VS พากย์สุขุม.wav,27.5,28.6,none
C:\Users\muldi\Documents\Playground\University\senior-project-1\dataset\internet\clear\พากย์สุดโต่ง VS พากย์สุขุม.wav,28.6,29.7,none
C:\Users\muldi\Documents\Playground\University\senior-project-1\dataset\internet\clear\พากย์สุดโต่ง VS พากย์สุขุม.wav,29.7,30.8,none
C:\Users\muldi\Documents\Playground\University\senior-project-1\dataset\internet\clear\พากย์สุดโต่ง VS พากย์สุขุม.wav,30.8,31.9,none
C:\Users\muldi\Documents\Playground\University\senior-project-1\dataset\internet\clear\พากย์สุดโต่ง VS พากย์สุขุม.wav,31.9,33.0,มึง
C:\Users\muldi\Documents\Playground\University\senior-project-1\dataset\internet\clear\พากย์สุดโต่ง VS พากย์สุขุม.wav,33.0,34.1,none
C:\Users\muldi\Documents\Playground\University\senior-project-1\dataset\internet\clear\พากย์สุดโต่ง VS พากย์สุขุม.wav,34.1,35.2,none
C:\Users\muldi\Documents\Playground\University\senior-project-1\dataset\internet\clear\พากย์สุดโต่ง VS พากย์สุขุม.wav,35.2,36.3,none
C:\Users\muldi\Documents\Playground\University\senior-project-1\dataset\internet\clear\พากย์สุดโต่ง VS พากย์สุขุม.wav,36.3,37.4,none
C:\Users\muldi\Documents\Playground\University\senior-project-1\dataset\internet\clear\พากย์สุดโต่ง VS พากย์สุขุม.wav,37.4,38.5,none
C:\Users\muldi\Documents\Playground\University\senior-project-1\dataset\internet\clear\พากย์สุดโต่ง VS พากย์สุขุม.wav,38.5,39.6,none
C:\Users\muldi\Documents\Playground\University\senior-project-1\dataset\internet\clear\พากย์สุดโต่ง VS พากย์สุขุม.wav,39.6,40.7,none
C:\Users\muldi\Documents\Playground\University\senior-project-1\dataset\internet\clear\พากย์สุดโต่ง VS พากย์สุขุม.wav,40.7,41.8,none
C:\Users\muldi\Documents\Playground\University\senior-project-1\dataset\internet\clear\พากย์สุดโต่ง VS พากย์สุขุม.wav,41.8,42.9,none
C:\Users\muldi\Documents\Playground\University\senior-project-1\dataset\internet\clear\พากย์สุดโต่ง VS พากย์สุขุม.wav,42.9,44.0,none
C:\Users\muldi\Documents\Playground\University\senior-project-1\dataset\internet\clear\พากย์สุดโต่ง VS พากย์สุขุม.wav,44.0,45.1,none
C:\Users\muldi\Documents\Playground\University\senior-project-1\dataset\internet\clear\พากย์สุดโต่ง VS พากย์สุขุม.wav,45.1,46.2,none
C:\Users\muldi\Documents\Playground\University\senior-project-1\dataset\internet\clear\พากย์สุดโต่ง VS พากย์สุขุม.wav,46.2,47.3,none
C:\Users\muldi\Documents\Playground\University\senior-project-1\dataset\internet\clear\พากย์สุดโต่ง VS พากย์สุขุม.wav,47.3,48.4,none
C:\Users\muldi\Documents\Playground\University\senior-project-1\dataset\internet\clear\พากย์สุดโต่ง VS พากย์สุขุม.wav,48.4,49.5,none
C:\Users\muldi\Documents\Playground\University\senior-project-1\dataset\internet\clear\พากย์สุดโต่ง VS พากย์สุขุม.wav,49.5,50.6,none
C:\Users\muldi\Documents\Playground\University\senior-project-1\dataset\internet\clear\พากย์สุดโต่ง VS พากย์สุขุม.wav,50.6,51.7,none
C:\Users\muldi\Documents\Playground\University\senior-project-1\dataset\internet\clear\พากย์สุดโต่ง VS พากย์สุขุม.wav,51.7,52.8,none
C:\Users\muldi\Documents\Playground\University\senior-project-1\dataset\internet\clear\พากย์สุดโต่ง VS พากย์สุขุม.wav,52.8,53.9,none
C:\Users\muldi\Documents\Playground\University\senior-project-1\dataset\internet\clear\พากย์สุดโต่ง VS พากย์สุขุม.wav,53.9,55.0,none
C:\Users\muldi\Documents\Playground\University\senior-project-1\dataset\internet\clear\พากย์สุดโต่ง VS พากย์สุขุม.wav,55.0,56.1,none
C:\Users\muldi\Documents\Playground\University\senior-project-1\dataset\internet\clear\พากย์สุดโต่ง VS พากย์สุขุม.wav,56.1,57.2,กู
C:\Users\muldi\Documents\Playground\University\senior-project-1\dataset\internet\clear\พากย์สุดโต่ง VS พากย์สุขุม.wav,57.2,58.3,none
C:\Users\muldi\Documents\Playground\University\senior-project-1\dataset\internet\clear\พากย์สุดโต่ง VS พากย์สุขุม.wav,58.3,59.4,none
C:\Users\muldi\Documents\Playground\University\senior-project-1\dataset\internet\clear\พากย์สุดโต่ง VS พากย์สุขุม.wav,59.4,60.5,none
C:\Users\muldi\Documents\Playground\University\senior-project-1\dataset\internet\clear\พากย์สุดโต่ง VS พากย์สุขุม.wav,60.5,61.6,none
C:\Users\muldi\Documents\Playground\University\senior-project-1\dataset\internet\clear\พากย์สุดโต่ง VS พากย์สุขุม.wav,61.6,62.7,none
C:\Users\muldi\Documents\Playground\University\senior-project-1\dataset\internet\clear\พากย์สุดโต่ง VS พากย์สุขุม.wav,62.7,63.8,none
C:\Users\muldi\Documents\Playground\University\senior-project-1\dataset\internet\clear\พากย์สุดโต่ง VS พากย์สุขุม.wav,63.8,64.9,none
C:\Users\muldi\Documents\Playground\University\senior-project-1\dataset\internet\clear\พากย์สุดโต่ง VS พากย์สุขุม.wav,64.9,66.0,none
C:\Users\muldi\Documents\Playground\University\senior-project-1\dataset\internet\clear\พากย์สุดโต่ง VS พากย์สุขุม.wav,66.0,67.1,none
C:\Users\muldi\Documents\Playground\University\senior-project-1\dataset\internet\clear\พากย์สุดโต่ง VS พากย์สุขุม.wav,67.1,68.2,none
C:\Users\muldi\Documents\Playground\University\senior-project-1\dataset\internet\clear\พากย์สุดโต่ง VS พากย์สุขุม.wav,68.2,69.3,none
C:\Users\muldi\Documents\Playground\University\senior-project-1\dataset\internet\clear\พากย์สุดโต่ง VS พากย์สุขุม.wav,69.3,70.4,none
C:\Users\muldi\Documents\Playground\University\senior-project-1\dataset\internet\clear\พากย์สุดโต่ง VS พากย์สุขุม.wav,70.4,71.5,none
C:\Users\muldi\Documents\Playground\University\senior-project-1\dataset\internet\clear\พากย์สุดโต่ง VS พากย์สุขุม.wav,71.5,72.6,none
C:\Users\muldi\Documents\Playground\University\senior-project-1\dataset\internet\clear\พากย์สุดโต่ง VS พากย์สุขุม.wav,72.6,73.7,none
C:\Users\muldi\Documents\Playground\University\senior-project-1\dataset\internet\clear\พากย์สุดโต่ง VS พากย์สุขุม.wav,73.7,74.8,none
C:\Users\muldi\Documents\Playground\University\senior-project-1\dataset\internet\clear\พากย์สุดโต่ง VS พากย์สุขุม.wav,74.8,75.9,none
C:\Users\muldi\Documents\Playground\University\senior-project-1\dataset\internet\clear\พากย์สุดโต่ง VS พากย์สุขุม.wav,75.9,77.0,none
C:\Users\muldi\Documents\Playground\University\senior-project-1\dataset\internet\clear\พากย์สุดโต่ง VS พากย์สุขุม.wav,77.0,78.1,none
C:\Users\muldi\Documents\Playground\University\senior-project-1\dataset\internet\clear\พากย์สุดโต่ง VS พากย์สุขุม.wav,78.1,79.2,none
C:\Users\muldi\Documents\Playground\University\senior-project-1\dataset\internet\clear\พากย์สุดโต่ง VS พากย์สุขุม.wav,79.2,80.3,none
C:\Users\muldi\Documents\Playground\University\senior-project-1\dataset\internet\clear\พากย์สุดโต่ง VS พากย์สุขุม.wav,80.3,81.4,none
C:\Users\muldi\Documents\Playground\University\senior-project-1\dataset\internet\clear\พากย์สุดโต่ง VS พากย์สุขุม.wav,81.4,82.5,none
C:\Users\muldi\Documents\Playground\University\senior-project-1\dataset\internet\clear\พากย์สุดโต่ง VS พากย์สุขุม.wav,82.5,83.6,none
C:\Users\muldi\Documents\Playground\University\senior-project-1\dataset\internet\clear\พากย์สุดโต่ง VS พากย์สุขุม.wav,83.6,84.7,none
C:\Users\muldi\Documents\Playground\University\senior-project-1\dataset\internet\clear\พากย์สุดโต่ง VS พากย์สุขุม.wav,84.7,85.8,none
C:\Users\muldi\Documents\Playground\University\senior-project-1\dataset\internet\clear\พากย์สุดโต่ง VS พากย์สุขุม.wav,85.8,86.9,none
C:\Users\muldi\Documents\Playground\University\senior-project-1\dataset\internet\clear\พากย์สุดโต่ง VS พากย์สุขุม.wav,86.9,88.0,none
C:\Users\muldi\Documents\Playground\University\senior-project-1\dataset\internet\clear\พากย์สุดโต่ง VS พากย์สุขุม.wav,88.0,89.1,none
C:\Users\muldi\Documents\Playground\University\senior-project-1\dataset\internet\clear\พากย์สุดโต่ง VS พากย์สุขุม.wav,89.1,90.2,none
C:\Users\muldi\Documents\Playground\University\senior-project-1\dataset\internet\clear\พากย์สุดโต่ง VS พากย์สุขุม.wav,90.2,91.3,none
C:\Users\muldi\Documents\Playground\University\senior-project-1\dataset\internet\clear\พากย์สุดโต่ง VS พากย์สุขุม.wav,91.3,92.4,none
C:\Users\muldi\Documents\Playground\University\senior-project-1\dataset\internet\clear\พากย์สุดโต่ง VS พากย์สุขุม.wav,92.4,93.5,none
C:\Users\muldi\Documents\Playground\University\senior-project-1\dataset\internet\clear\พากย์สุดโต่ง VS พากย์สุขุม.wav,93.5,94.6,none
C:\Users\muldi\Documents\Playground\University\senior-project-1\dataset\internet\clear\พากย์สุดโต่ง VS พากย์สุขุม.wav,94.6,95.7,none
C:\Users\muldi\Documents\Playground\University\senior-project-1\dataset\internet\clear\พากย์สุดโต่ง VS พากย์สุขุม.wav,95.7,96.8,none
C:\Users\muldi\Documents\Playground\University\senior-project-1\dataset\internet\clear\พากย์สุดโต่ง VS พากย์สุขุม.wav,96.8,97.9,none
C:\Users\muldi\Documents\Playground\University\senior-project-1\dataset\internet\clear\พากย์สุดโต่ง VS พากย์สุขุม.wav,97.9,99.0,none
C:\Users\muldi\Documents\Playground\University\senior-project-1\dataset\internet\clear\พากย์สุดโต่ง VS พากย์สุขุม.wav,99.0,100.1,none
C:\Users\muldi\Documents\Playground\University\senior-project-1\dataset\internet\clear\พากย์สุดโต่ง VS พากย์สุขุม.wav,100.1,101.2,none
C:\Users\muldi\Documents\Playground\University\senior-project-1\dataset\internet\clear\พากย์สุดโต่ง VS พากย์สุขุม.wav,101.2,102.3,none
C:\Users\muldi\Documents\Playground\University\senior-project-1\dataset\internet\clear\พากย์สุดโต่ง VS พากย์สุขุม.wav,102.3,103.4,none
C:\Users\muldi\Documents\Playground\University\senior-project-1\dataset\internet\clear\พากย์สุดโต่ง VS พากย์สุขุม.wav,103.4,104.5,none
C:\Users\muldi\Documents\Playground\University\senior-project-1\dataset\internet\clear\พากย์สุดโต่ง VS พากย์สุขุม.wav,104.5,105.6,none
C:\Users\muldi\Documents\Playground\University\senior-project-1\dataset\internet\clear\พากย์สุดโต่ง VS พากย์สุขุม.wav,105.6,106.7,none
C:\Users\muldi\Documents\Playground\University\senior-project-1\dataset\internet\clear\พากย์สุดโต่ง VS พากย์สุขุม.wav,106.7,107.8,none
C:\Users\muldi\Documents\Playground\University\senior-project-1\dataset\internet\clear\พากย์สุดโต่ง VS พากย์สุขุม.wav,107.8,108.9,none
C:\Users\muldi\Documents\Playground\University\senior-project-1\dataset\internet\clear\พากย์สุดโต่ง VS พากย์สุขุม.wav,108.9,110.0,none
C:\Users\muldi\Documents\Playground\University\senior-project-1\dataset\internet\clear\พากย์สุดโต่ง VS พากย์สุขุม.wav,110.0,111.1,none
C:\Users\muldi\Documents\Playground\University\senior-project-1\dataset\internet\clear\พากย์สุดโต่ง VS พากย์สุขุม.wav,111.1,112.2,none
C:\Users\muldi\Documents\Playground\University\senior-project-1\dataset\internet\clear\พากย์สุดโต่ง VS พากย์สุขุม.wav,112.2,113.3,none
C:\Users\muldi\Documents\Playground\University\senior-project-1\dataset\internet\clear\พากย์สุดโต่ง VS พากย์สุขุม.wav,113.3,114.4,none
C:\Users\muldi\Documents\Playground\University\senior-project-1\dataset\internet\clear\พากย์สุดโต่ง VS พากย์สุขุม.wav,114.4,115.5,none
C:\Users\muldi\Documents\Playground\University\senior-project-1\dataset\internet\clear\พากย์สุดโต่ง VS พากย์สุขุม.wav,115.5,116.6,มึง
C:\Users\muldi\Documents\Playground\University\senior-project-1\dataset\internet\clear\พากย์สุดโต่ง VS พากย์สุขุม.wav,116.6,117.7,none
C:\Users\muldi\Documents\Playground\University\senior-project-1\dataset\internet\clear\พากย์สุดโต่ง VS พากย์สุขุม.wav,117.7,118.8,none
C:\Users\muldi\Documents\Playground\University\senior-project-1\dataset\internet\clear\พากย์สุดโต่ง VS พากย์สุขุม.wav,118.8,119.9,มึง
C:\Users\muldi\Documents\Playground\University\senior-project-1\dataset\internet\clear\มันไปเล่นเอไอเอสชั่วโมงละ60บาท.wav,0.0,1.1,none
C:\Users\muldi\Documents\Playground\University\senior-project-1\dataset\internet\clear\มันไปเล่นเอไอเอสชั่วโมงละ60บาท.wav,1.1,2.2,none
C:\Users\muldi\Documents\Playground\University\senior-project-1\dataset\internet\clear\มันไปเล่นเอไอเอสชั่วโมงละ60บาท.wav,2.2,3.3,none
C:\Users\muldi\Documents\Playground\University\senior-project-1\dataset\internet\clear\มันไปเล่นเอไอเอสชั่วโมงละ60บาท.wav,3.3,4.4,กู
C:\Users\muldi\Documents\Playground\University\senior-project-1\dataset\internet\clear\มันไปเล่นเอไอเอสชั่วโมงละ60บาท.wav,4.4,5.5,กู
C:\Users\muldi\Documents\Playground\University\senior-project-1\dataset\internet\clear\มันไปเล่นเอไอเอสชั่วโมงละ60บาท.wav,5.5,6.6,none
C:\Users\muldi\Documents\Playground\University\senior-project-1\dataset\internet\clear\มันไปเล่นเอไอเอสชั่วโมงละ60บาท.wav,6.6,7.7,none
C:\Users\muldi\Documents\Playground\University\senior-project-1\dataset\internet\clear\มันไปเล่นเอไอเอสชั่วโมงละ60บาท.wav,7.7,8.8,เหี้ย
C:\Users\muldi\Documents\Playground\University\senior-project-1\dataset\internet\clear\มันไปเล่นเอไอเอสชั่วโมงละ60บาท.wav,8.8,9.9,กู
C:\Users\muldi\Documents\Playground\University\senior-project-1\dataset\internet\clear\มันไปเล่นเอไอเอสชั่วโมงละ60บาท.wav,9.9,11.0,กู
C:\Users\muldi\Documents\Playground\University\senior-project-1\dataset\internet\clear\รายการเย็ดแม่.wav,0.0,1.1,none
C:\Users\muldi\Documents\Playground\University\senior-project-1\dataset\internet\clear\รายการเย็ดแม่.wav,1.1,2.2,none
C:\Users\muldi\Documents\Playground\University\senior-project-1\dataset\internet\clear\รายการเย็ดแม่.wav,2.2,3.3,เย็ด
C:\Users\muldi\Documents\Playground\University\senior-project-1\dataset\internet\clear\รายการเย็ดแม่.wav,3.3,4.4,none
C:\Users\muldi\Documents\Playground\University\senior-project-1\dataset\internet\clear\รายการเย็ดแม่.wav,4.4,5.5,none
C:\Users\muldi\Documents\Playground\University\senior-project-1\dataset\internet\clear\รายการเย็ดแม่.wav,5.5,6.6,none
C:\Users\muldi\Documents\Playground\University\senior-project-1\dataset\internet\clear\รายการเย็ดแม่.wav,6.6,7.7,none
C:\Users\muldi\Documents\Playground\University\senior-project-1\dataset\internet\clear\รายการเย็ดแม่.wav,7.7,8.8,none
C:\Users\muldi\Documents\Playground\University\senior-project-1\dataset\internet\clear\รายการเย็ดแม่.wav,8.8,9.9,none
C:\Users\muldi\Documents\Playground\University\senior-project-1\dataset\internet\clear\รายการเย็ดแม่.wav,9.9,11.0,none
C:\Users\muldi\Documents\Playground\University\senior-project-1\dataset\internet\clear\รายการเย็ดแม่.wav,11.0,12.1,none
C:\Users\muldi\Documents\Playground\University\senior-project-1\dataset\internet\clear\รายการเย็ดแม่.wav,12.1,13.2,none
C:\Users\muldi\Documents\Playground\University\senior-project-1\dataset\internet\clear\รายการเย็ดแม่.wav,13.2,14.3,none
C:\Users\muldi\Documents\Playground\University\senior-project-1\dataset\internet\clear\รายการเย็ดแม่.wav,14.3,15.4,none
C:\Users\muldi\Documents\Playground\University\senior-project-1\dataset\internet\clear\รายการเย็ดแม่.wav,15.4,16.5,none
C:\Users\muldi\Documents\Playground\University\senior-project-1\dataset\internet\clear\รายการเย็ดแม่.wav,16.5,17.6,none
C:\Users\muldi\Documents\Playground\University\senior-project-1\dataset\internet\clear\รายการเย็ดแม่.wav,17.6,18.7,none
C:\Users\muldi\Documents\Playground\University\senior-project-1\dataset\internet\clear\รายการเย็ดแม่.wav,18.7,19.8,none
C:\Users\muldi\Documents\Playground\University\senior-project-1\dataset\internet\clear\รายการเย็ดแม่.wav,19.8,20.9,none
C:\Users\muldi\Documents\Playground\University\senior-project-1\dataset\internet\clear\รายการเย็ดแม่.wav,20.9,22.0,none
C:\Users\muldi\Documents\Playground\University\senior-project-1\dataset\internet\clear\รายการเย็ดแม่.wav,22.0,23.1,none
C:\Users\muldi\Documents\Playground\University\senior-project-1\dataset\internet\clear\รายการเย็ดแม่.wav,23.1,24.2,none
C:\Users\muldi\Documents\Playground\University\senior-project-1\dataset\internet\clear\รายการเย็ดแม่.wav,24.2,25.3,none
C:\Users\muldi\Documents\Playground\University\senior-project-1\dataset\internet\clear\รายการเย็ดแม่.wav,25.3,26.4,none
C:\Users\muldi\Documents\Playground\University\senior-project-1\dataset\internet\clear\รายการเย็ดแม่.wav,26.4,27.5,none
C:\Users\muldi\Documents\Playground\University\senior-project-1\dataset\internet\clear\รายการเย็ดแม่.wav,27.5,28.6,เย็ด
C:\Users\muldi\Documents\Playground\University\senior-project-1\dataset\internet\clear\รายการเย็ดแม่.wav,28.6,29.7,none
C:\Users\muldi\Documents\Playground\University\senior-project-1\dataset\internet\clear\รายการเย็ดแม่.wav,29.7,30.8,none
C:\Users\muldi\Documents\Playground\University\senior-project-1\dataset\internet\clear\รายการเย็ดแม่.wav,30.8,31.9,none
C:\Users\muldi\Documents\Playground\University\senior-project-1\dataset\internet\clear\รายการเย็ดแม่.wav,31.9,33.0,เย็ด
C:\Users\muldi\Documents\Playground\University\senior-project-1\dataset\internet\clear\รายการเย็ดแม่.wav,33.0,34.1,เย็ด
C:\Users\muldi\Documents\Playground\University\senior-project-1\dataset\internet\clear\รายการเย็ดแม่.wav,34.1,35.2,เย็ด
C:\Users\muldi\Documents\Playground\University\senior-project-1\dataset\internet\clear\รายการเย็ดแม่.wav,35.2,36.3,เย็ด
C:\Users\muldi\Documents\Playground\University\senior-project-1\dataset\internet\clear\รายการเย็ดแม่.wav,36.3,37.4,เย็ด
C:\Users\muldi\Documents\Playground\University\senior-project-1\dataset\internet\clear\รายการเย็ดแม่.wav,37.4,38.5,none
C:\Users\muldi\Documents\Playground\University\senior-project-1\dataset\internet\clear\รายการเย็ดแม่.wav,38.5,39.6,none
C:\Users\muldi\Documents\Playground\University\senior-project-1\dataset\internet\clear\รายการเย็ดแม่.wav,39.6,40.7,none
C:\Users\muldi\Documents\Playground\University\senior-project-1\dataset\internet\clear\รายการเย็ดแม่.wav,40.7,41.8,none
C:\Users\muldi\Documents\Playground\University\senior-project-1\dataset\internet\clear\รายการเย็ดแม่.wav,41.8,42.9,none
C:\Users\muldi\Documents\Playground\University\senior-project-1\dataset\internet\clear\รายการเย็ดแม่.wav,42.9,44.0,none
C:\Users\muldi\Documents\Playground\University\senior-project-1\dataset\internet\clear\รายการเย็ดแม่.wav,44.0,45.1,none
C:\Users\muldi\Documents\Playground\University\senior-project-1\dataset\internet\clear\รายการเย็ดแม่.wav,45.1,46.2,none
C:\Users\muldi\Documents\Playground\University\senior-project-1\dataset\internet\clear\รายการเย็ดแม่.wav,46.2,47.3,none
C:\Users\muldi\Documents\Playground\University\senior-project-1\dataset\internet\clear\รายการเย็ดแม่.wav,47.3,48.4,none
C:\Users\muldi\Documents\Playground\University\senior-project-1\dataset\internet\clear\รายการเย็ดแม่.wav,48.4,49.5,none
C:\Users\muldi\Documents\Playground\University\senior-project-1\dataset\internet\clear\รายการเย็ดแม่.wav,49.5,50.6,none
C:\Users\muldi\Documents\Playground\University\senior-project-1\dataset\internet\clear\รายการเย็ดแม่.wav,50.6,51.7,none
C:\Users\muldi\Documents\Playground\University\senior-project-1\dataset\internet\clear\รายการเย็ดแม่.wav,51.7,52.8,none
C:\Users\muldi\Documents\Playground\University\senior-project-1\dataset\internet\clear\รายการเย็ดแม่.wav,52.8,53.9,none
C:\Users\muldi\Documents\Playground\University\senior-project-1\dataset\internet\clear\รายการเย็ดแม่.wav,53.9,55.0,none
C:\Users\muldi\Documents\Playground\University\senior-project-1\dataset\internet\clear\รายการเย็ดแม่.wav,55.0,56.1,none
C:\Users\muldi\Documents\Playground\University\senior-project-1\dataset\internet\clear\รายการเย็ดแม่.wav,56.1,57.2,none
C:\Users\muldi\Documents\Playground\University\senior-project-1\dataset\internet\clear\รายการเย็ดแม่.wav,57.2,58.3,none
C:\Users\muldi\Documents\Playground\University\senior-project-1\dataset\internet\clear\รายการเย็ดแม่.wav,58.3,59.4,none
C:\Users\muldi\Documents\Playground\University\senior-project-1\dataset\internet\clear\รายการเย็ดแม่.wav,59.4,60.5,none
C:\Users\muldi\Documents\Playground\University\senior-project-1\dataset\internet\clear\รายการเย็ดแม่.wav,60.5,61.6,none
C:\Users\muldi\Documents\Playground\University\senior-project-1\dataset\internet\clear\รายการเย็ดแม่.wav,61.6,62.7,none
C:\Users\muldi\Documents\Playground\University\senior-project-1\dataset\internet\clear\รายการเย็ดแม่.wav,62.7,63.8,none
C:\Users\muldi\Documents\Playground\University\senior-project-1\dataset\internet\clear\รายการเย็ดแม่.wav,63.8,64.9,none
C:\Users\muldi\Documents\Playground\University\senior-project-1\dataset\internet\clear\รายการเย็ดแม่.wav,64.9,66.0,none
C:\Users\muldi\Documents\Playground\University\senior-project-1\dataset\internet\clear\รายการเย็ดแม่.wav,66.0,67.1,none
C:\Users\muldi\Documents\Playground\University\senior-project-1\dataset\internet\clear\รายการเย็ดแม่.wav,67.1,68.2,none
C:\Users\muldi\Documents\Playground\University\senior-project-1\dataset\internet\clear\รายการเย็ดแม่.wav,68.2,69.3,none
C:\Users\muldi\Documents\Playground\University\senior-project-1\dataset\internet\clear\รายการเย็ดแม่.wav,69.3,70.4,none
C:\Users\muldi\Documents\Playground\University\senior-project-1\dataset\internet\clear\รายการเย็ดแม่.wav,70.4,71.5,none
C:\Users\muldi\Documents\Playground\University\senior-project-1\dataset\internet\clear\รายการเย็ดแม่.wav,71.5,72.6,none
C:\Users\muldi\Documents\Playground\University\senior-project-1\dataset\internet\clear\รายการเย็ดแม่.wav,72.6,73.7,none
C:\Users\muldi\Documents\Playground\University\senior-project-1\dataset\internet\clear\รายการเย็ดแม่.wav,73.7,74.8,none
C:\Users\muldi\Documents\Playground\University\senior-project-1\dataset\internet\clear\รายการเย็ดแม่.wav,74.8,75.9,none
C:\Users\muldi\Documents\Playground\University\senior-project-1\dataset\internet\clear\รายการเย็ดแม่.wav,75.9,77.0,none
C:\Users\muldi\Documents\Playground\University\senior-project-1\dataset\internet\clear\รายการเย็ดแม่.wav,77.0,78.1,none
C:\Users\muldi\Documents\Playground\University\senior-project-1\dataset\internet\clear\รายการเย็ดแม่.wav,78.1,79.2,none
C:\Users\muldi\Documents\Playground\University\senior-project-1\dataset\internet\clear\รายการเย็ดแม่.wav,79.2,80.3,none
C:\Users\muldi\Documents\Playground\University\senior-project-1\dataset\internet\clear\รายการเย็ดแม่.wav,80.3,81.4,none
C:\Users\muldi\Documents\Playground\University\senior-project-1\dataset\internet\clear\รายการเย็ดแม่.wav,81.4,82.5,none
C:\Users\muldi\Documents\Playground\University\senior-project-1\dataset\internet\clear\รายการเย็ดแม่.wav,82.5,83.6,none
C:\Users\muldi\Documents\Playground\University\senior-project-1\dataset\internet\clear\รายการเย็ดแม่.wav,83.6,84.7,none
C:\Users\muldi\Documents\Playground\University\senior-project-1\dataset\internet\clear\รายการเย็ดแม่.wav,84.7,85.8,none
C:\Users\muldi\Documents\Playground\University\senior-project-1\dataset\internet\clear\รายการเย็ดแม่.wav,85.8,86.9,none
C:\Users\muldi\Documents\Playground\University\senior-project-1\dataset\internet\clear\รายการเย็ดแม่.wav,86.9,88.0,none
C:\Users\muldi\Documents\Playground\University\senior-project-1\dataset\internet\clear\รายการเย็ดแม่.wav,88.0,89.1,none
C:\Users\muldi\Documents\Playground\University\senior-project-1\dataset\internet\clear\รายการเย็ดแม่.wav,89.1,90.2,none
C:\Users\muldi\Documents\Playground\University\senior-project-1\dataset\internet\clear\รายการเย็ดแม่.wav,90.2,91.3,none
C:\Users\muldi\Documents\Playground\University\senior-project-1\dataset\internet\clear\รายการเย็ดแม่.wav,91.3,92.4,none
C:\Users\muldi\Documents\Playground\University\senior-project-1\dataset\internet\clear\รายการเย็ดแม่.wav,92.4,93.5,กู
C:\Users\muldi\Documents\Playground\University\senior-project-1\dataset\internet\clear\รายการเย็ดแม่.wav,93.5,94.6,เย็ด
C:\Users\muldi\Documents\Playground\University\senior-project-1\dataset\internet\clear\รายการเย็ดแม่.wav,94.6,95.7,none
C:\Users\muldi\Documents\Playground\University\senior-project-1\dataset\internet\clear\รายการเย็ดแม่.wav,95.7,96.8,none
C:\Users\muldi\Documents\Playground\University\senior-project-1\dataset\internet\clear\รายการเย็ดแม่.wav,96.8,97.9,none
C:\Users\muldi\Documents\Playground\University\senior-project-1\dataset\internet\clear\รายการเย็ดแม่.wav,97.9,99.0,none
C:\Users\muldi\Documents\Playground\University\senior-project-1\dataset\internet\clear\รายการเย็ดแม่.wav,99.0,100.1,none
C:\Users\muldi\Documents\Playground\University\senior-project-1\dataset\internet\clear\รายการเย็ดแม่.wav,100.1,101.2,none
C:\Users\muldi\Documents\Playground\University\senior-project-1\dataset\internet\clear\รายการเย็ดแม่.wav,101.2,102.3,none
C:\Users\muldi\Documents\Playground\University\senior-project-1\dataset\internet\clear\รายการเย็ดแม่.wav,102.3,103.4,none
C:\Users\muldi\Documents\Playground\University\senior-project-1\dataset\internet\clear\รายการเย็ดแม่.wav,103.4,104.5,none
C:\Users\muldi\Documents\Playground\University\senior-project-1\dataset\internet\clear\รายการเย็ดแม่.wav,104.5,105.6,none
C:\Users\muldi\Documents\Playground\University\senior-project-1\dataset\internet\clear\รายการเย็ดแม่.wav,105.6,106.7,เย็ด
C:\Users\muldi\Documents\Playground\University\senior-project-1\dataset\internet\clear\รายการเย็ดแม่.wav,106.7,107.8,เย็ด
C:\Users\muldi\Documents\Playground\University\senior-project-1\dataset\internet\clear\รายการเย็ดแม่.wav,107.8,108.9,เย็ด
C:\Users\muldi\Documents\Playground\University\senior-project-1\dataset\internet\clear\รายการเย็ดแม่.wav,108.9,110.0,กู
C:\Users\muldi\Documents\Playground\University\senior-project-1\dataset\internet\clear\รายการเย็ดแม่.wav,110.0,111.1,none
C:\Users\muldi\Documents\Playground\University\senior-project-1\dataset\internet\clear\รายการเย็ดแม่.wav,111.1,112.2,none
C:\Users\muldi\Documents\Playground\University\senior-project-1\dataset\internet\clear\รายการเย็ดแม่.wav,112.2,113.3,none
C:\Users\muldi\Documents\Playground\University\senior-project-1\dataset\internet\clear\รายการเย็ดแม่.wav,113.3,114.4,none
C:\Users\muldi\Documents\Playground\University\senior-project-1\dataset\internet\clear\รายการเย็ดแม่.wav,114.4,115.5,เย็ด
C:\Users\muldi\Documents\Playground\University\senior-project-1\dataset\internet\clear\รายการเย็ดแม่.wav,115.5,116.6,none
C:\Users\muldi\Documents\Playground\University\senior-project-1\dataset\internet\clear\รายการเย็ดแม่.wav,116.6,117.7,none
C:\Users\muldi\Documents\Playground\University\senior-project-1\dataset\internet\clear\รายการเย็ดแม่.wav,117.7,118.8,none
C:\Users\muldi\Documents\Playground\University\senior-project-1\dataset\internet\clear\รายการเย็ดแม่.wav,118.8,119.9,none
C:\Users\muldi\Documents\Playground\University\senior-project-1\dataset\internet\clear\รายการเย็ดแม่.wav,119.9,121.0,none
C:\Users\muldi\Documents\Playground\University\senior-project-1\dataset\internet\clear\รายการเย็ดแม่.wav,121.0,122.1,none
C:\Users\muldi\Documents\Playground\University\senior-project-1\dataset\internet\clear\รายการเย็ดแม่.wav,122.1,123.2,none
C:\Users\muldi\Documents\Playground\University\senior-project-1\dataset\internet\clear\รายการเย็ดแม่.wav,123.2,124.3,none
C:\Users\muldi\Documents\Playground\University\senior-project-1\dataset\internet\clear\รายการเย็ดแม่.wav,124.3,125.4,none
C:\Users\muldi\Documents\Playground\University\senior-project-1\dataset\internet\clear\รายการเย็ดแม่.wav,125.4,126.5,none
C:\Users\muldi\Documents\Playground\University\senior-project-1\dataset\internet\clear\รายการเย็ดแม่.wav,126.5,127.6,none
C:\Users\muldi\Documents\Playground\University\senior-project-1\dataset\internet\clear\รายการเย็ดแม่.wav,127.6,128.7,none
C:\Users\muldi\Documents\Playground\University\senior-project-1\dataset\internet\clear\รายการเย็ดแม่.wav,128.7,129.8,none
C:\Users\muldi\Documents\Playground\University\senior-project-1\dataset\internet\clear\รายการเย็ดแม่.wav,129.8,130.9,none
C:\Users\muldi\Documents\Playground\University\senior-project-1\dataset\internet\clear\รายการเย็ดแม่.wav,130.9,132.0,none
C:\Users\muldi\Documents\Playground\University\senior-project-1\dataset\internet\clear\รายการเย็ดแม่.wav,132.0,133.1,none
C:\Users\muldi\Documents\Playground\University\senior-project-1\dataset\internet\clear\รายการเย็ดแม่.wav,133.1,134.2,none
C:\Users\muldi\Documents\Playground\University\senior-project-1\dataset\internet\clear\รายการเย็ดแม่.wav,134.2,135.3,none
C:\Users\muldi\Documents\Playground\University\senior-project-1\dataset\internet\clear\รายการเย็ดแม่.wav,135.3,136.4,none
C:\Users\muldi\Documents\Playground\University\senior-project-1\dataset\internet\clear\รายการเย็ดแม่.wav,136.4,137.5,none
C:\Users\muldi\Documents\Playground\University\senior-project-1\dataset\internet\clear\รายการเย็ดแม่.wav,137.5,138.6,none
C:\Users\muldi\Documents\Playground\University\senior-project-1\dataset\internet\clear\รายการเย็ดแม่.wav,138.6,139.7,none
C:\Users\muldi\Documents\Playground\University\senior-project-1\dataset\internet\clear\รายการเย็ดแม่.wav,139.7,140.8,none
C:\Users\muldi\Documents\Playground\University\senior-project-1\dataset\internet\clear\รายการเย็ดแม่.wav,140.8,141.9,none
C:\Users\muldi\Documents\Playground\University\senior-project-1\dataset\internet\clear\รายการเย็ดแม่.wav,141.9,143.0,none
C:\Users\muldi\Documents\Playground\University\senior-project-1\dataset\internet\clear\รายการเย็ดแม่.wav,143.0,144.1,none
C:\Users\muldi\Documents\Playground\University\senior-project-1\dataset\internet\clear\รายการเย็ดแม่.wav,144.1,145.2,none
C:\Users\muldi\Documents\Playground\University\senior-project-1\dataset\internet\clear\รายการเย็ดแม่.wav,145.2,146.3,none
C:\Users\muldi\Documents\Playground\University\senior-project-1\dataset\internet\clear\รายการเย็ดแม่.wav,146.3,147.4,none
C:\Users\muldi\Documents\Playground\University\senior-project-1\dataset\internet\clear\รายการเย็ดแม่.wav,147.4,148.5,none
C:\Users\muldi\Documents\Playground\University\senior-project-1\dataset\internet\clear\รายการเย็ดแม่.wav,148.5,149.6,none
C:\Users\muldi\Documents\Playground\University\senior-project-1\dataset\internet\clear\รายการเย็ดแม่.wav,149.6,150.7,none
C:\Users\muldi\Documents\Playground\University\senior-project-1\dataset\internet\clear\รายการเย็ดแม่.wav,150.7,151.8,เย็ด
C:\Users\muldi\Documents\Playground\University\senior-project-1\dataset\internet\clear\รายการเย็ดแม่.wav,151.8,152.9,กู
C:\Users\muldi\Documents\Playground\University\senior-project-1\dataset\internet\clear\รายการเย็ดแม่.wav,152.9,154.0,none
C:\Users\muldi\Documents\Playground\University\senior-project-1\dataset\internet\clear\รายการเย็ดแม่.wav,154.0,155.1,none
C:\Users\muldi\Documents\Playground\University\senior-project-1\dataset\internet\clear\รายการเย็ดแม่.wav,155.1,156.2,none
C:\Users\muldi\Documents\Playground\University\senior-project-1\dataset\internet\clear\รายการเย็ดแม่.wav,156.2,157.3,none
C:\Users\muldi\Documents\Playground\University\senior-project-1\dataset\internet\clear\รายการเย็ดแม่.wav,157.3,158.4,none
C:\Users\muldi\Documents\Playground\University\senior-project-1\dataset\internet\clear\รายการเย็ดแม่.wav,158.4,159.5,none
C:\Users\muldi\Documents\Playground\University\senior-project-1\dataset\internet\clear\รายการเย็ดแม่.wav,159.5,160.6,none
C:\Users\muldi\Documents\Playground\University\senior-project-1\dataset\internet\clear\รายการเย็ดแม่.wav,160.6,161.7,none
C:\Users\muldi\Documents\Playground\University\senior-project-1\dataset\internet\clear\รายการเย็ดแม่.wav,161.7,162.8,none
C:\Users\muldi\Documents\Playground\University\senior-project-1\dataset\internet\clear\รายการเย็ดแม่.wav,162.8,163.9,none
C:\Users\muldi\Documents\Playground\University\senior-project-1\dataset\internet\clear\รายการเย็ดแม่.wav,163.9,165.0,none
C:\Users\muldi\Documents\Playground\University\senior-project-1\dataset\internet\clear\รายการเย็ดแม่.wav,165.0,166.1,none
C:\Users\muldi\Documents\Playground\University\senior-project-1\dataset\internet\clear\รายการเย็ดแม่.wav,166.1,167.2,none
C:\Users\muldi\Documents\Playground\University\senior-project-1\dataset\internet\clear\รายการเย็ดแม่.wav,167.2,168.3,none
C:\Users\muldi\Documents\Playground\University\senior-project-1\dataset\internet\clear\รายการเย็ดแม่.wav,168.3,169.4,none
C:\Users\muldi\Documents\Playground\University\senior-project-1\dataset\internet\clear\รายการเย็ดแม่.wav,169.4,170.5,มึง
C:\Users\muldi\Documents\Playground\University\senior-project-1\dataset\internet\clear\รายการเย็ดแม่.wav,170.5,171.6,none
C:\Users\muldi\Documents\Playground\University\senior-project-1\dataset\internet\clear\รายการเย็ดแม่.wav,171.6,172.7,none
C:\Users\muldi\Documents\Playground\University\senior-project-1\dataset\internet\clear\รายการเย็ดแม่.wav,172.7,173.8,none
C:\Users\muldi\Documents\Playground\University\senior-project-1\dataset\internet\clear\รายการเย็ดแม่.wav,173.8,174.9,none
C:\Users\muldi\Documents\Playground\University\senior-project-1\dataset\internet\clear\รายการเย็ดแม่.wav,174.9,176.0,none
C:\Users\muldi\Documents\Playground\University\senior-project-1\dataset\internet\clear\รายการเย็ดแม่.wav,176.0,177.1,none
C:\Users\muldi\Documents\Playground\University\senior-project-1\dataset\internet\clear\รายการเย็ดแม่.wav,177.1,178.2,เย็ด
C:\Users\muldi\Documents\Playground\University\senior-project-1\dataset\internet\clear\รายการเย็ดแม่.wav,178.2,179.3,none
C:\Users\muldi\Documents\Playground\University\senior-project-1\dataset\internet\clear\รายการเย็ดแม่.wav,179.3,180.4,none
C:\Users\muldi\Documents\Playground\University\senior-project-1\dataset\internet\clear\รายการเย็ดแม่.wav,180.4,181.5,none
C:\Users\muldi\Documents\Playground\University\senior-project-1\dataset\internet\clear\รายการเย็ดแม่.wav,181.5,182.6,เหี้ย
C:\Users\muldi\Documents\Playground\University\senior-project-1\dataset\internet\clear\รายการเย็ดแม่.wav,182.6,183.7,none
C:\Users\muldi\Documents\Playground\University\senior-project-1\dataset\internet\clear\รายการเย็ดแม่.wav,183.7,184.8,none
C:\Users\muldi\Documents\Playground\University\senior-project-1\dataset\internet\clear\รายการเย็ดแม่.wav,184.8,185.9,none
C:\Users\muldi\Documents\Playground\University\senior-project-1\dataset\internet\clear\รายการเย็ดแม่.wav,185.9,187.0,none
C:\Users\muldi\Documents\Playground\University\senior-project-1\dataset\internet\clear\รายการเย็ดแม่.wav,187.0,188.1,none
C:\Users\muldi\Documents\Playground\University\senior-project-1\dataset\internet\clear\รายการเย็ดแม่.wav,188.1,189.2,none
C:\Users\muldi\Documents\Playground\University\senior-project-1\dataset\internet\clear\รายการเย็ดแม่.wav,189.2,190.3,none
C:\Users\muldi\Documents\Playground\University\senior-project-1\dataset\internet\clear\รายการเย็ดแม่.wav,190.3,191.4,none
C:\Users\muldi\Documents\Playground\University\senior-project-1\dataset\internet\clear\รายการเย็ดแม่.wav,191.4,192.5,none
C:\Users\muldi\Documents\Playground\University\senior-project-1\dataset\internet\clear\รายการเย็ดแม่.wav,192.5,193.6,none
C:\Users\muldi\Documents\Playground\University\senior-project-1\dataset\internet\clear\รายการเย็ดแม่.wav,193.6,194.7,none
C:\Users\muldi\Documents\Playground\University\senior-project-1\dataset\internet\clear\รายการเย็ดแม่.wav,194.7,195.8,none
C:\Users\muldi\Documents\Playground\University\senior-project-1\dataset\internet\clear\รายการเย็ดแม่.wav,195.8,196.9,none
C:\Users\muldi\Documents\Playground\University\senior-project-1\dataset\internet\clear\รายการเย็ดแม่.wav,196.9,198.0,none
C:\Users\muldi\Documents\Playground\University\senior-project-1\dataset\internet\clear\รายการเย็ดแม่.wav,198.0,199.1,none
C:\Users\muldi\Documents\Playground\University\senior-project-1\dataset\internet\clear\รายการเย็ดแม่.wav,199.1,200.2,none
C:\Users\muldi\Documents\Playground\University\senior-project-1\dataset\internet\clear\รายการเย็ดแม่.wav,200.2,201.3,none
C:\Users\muldi\Documents\Playground\University\senior-project-1\dataset\internet\clear\รายการเย็ดแม่.wav,201.3,202.4,none
C:\Users\muldi\Documents\Playground\University\senior-project-1\dataset\internet\clear\รายการเย็ดแม่.wav,202.4,203.5,none
C:\Users\muldi\Documents\Playground\University\senior-project-1\dataset\internet\clear\รายการเย็ดแม่.wav,203.5,204.6,เหี้ย
C:\Users\muldi\Documents\Playground\University\senior-project-1\dataset\internet\clear\รายการเย็ดแม่.wav,204.6,205.7,กู
C:\Users\muldi\Documents\Playground\University\senior-project-1\dataset\internet\clear\รายการเย็ดแม่.wav,205.7,206.8,กู
C:\Users\muldi\Documents\Playground\University\senior-project-1\dataset\internet\clear\รายการเย็ดแม่.wav,206.8,207.9,กู
C:\Users\muldi\Documents\Playground\University\senior-project-1\dataset\internet\clear\รายการเย็ดแม่.wav,207.9,209.0,เหี้ย
C:\Users\muldi\Documents\Playground\University\senior-project-1\dataset\internet\clear\รายการเย็ดแม่.wav,209.0,210.1,none
C:\Users\muldi\Documents\Playground\University\senior-project-1\dataset\internet\clear\รายการเย็ดแม่.wav,210.1,211.2,none
C:\Users\muldi\Documents\Playground\University\senior-project-1\dataset\internet\clear\รายการเย็ดแม่.wav,211.2,212.3,none
C:\Users\muldi\Documents\Playground\University\senior-project-1\dataset\internet\clear\รายการเย็ดแม่.wav,212.3,213.4,none
C:\Users\muldi\Documents\Playground\University\senior-project-1\dataset\internet\clear\รายการเย็ดแม่.wav,213.4,214.5,none
C:\Users\muldi\Documents\Playground\University\senior-project-1\dataset\internet\clear\รายการเย็ดแม่.wav,214.5,215.6,none
C:\Users\muldi\Documents\Playground\University\senior-project-1\dataset\internet\clear\รายการเย็ดแม่.wav,215.6,216.7,none
C:\Users\muldi\Documents\Playground\University\senior-project-1\dataset\internet\clear\รายการเย็ดแม่.wav,216.7,217.8,none
C:\Users\muldi\Documents\Playground\University\senior-project-1\dataset\internet\clear\รายการเย็ดแม่.wav,217.8,218.9,none
C:\Users\muldi\Documents\Playground\University\senior-project-1\dataset\internet\clear\รายการเย็ดแม่.wav,218.9,220.0,none
C:\Users\muldi\Documents\Playground\University\senior-project-1\dataset\internet\clear\รายการเย็ดแม่.wav,220.0,221.1,none
C:\Users\muldi\Documents\Playground\University\senior-project-1\dataset\internet\clear\รายการเย็ดแม่.wav,221.1,222.2,none
C:\Users\muldi\Documents\Playground\University\senior-project-1\dataset\internet\clear\รายการเย็ดแม่.wav,222.2,223.3,none
C:\Users\muldi\Documents\Playground\University\senior-project-1\dataset\internet\clear\รายการเย็ดแม่.wav,223.3,224.4,none
C:\Users\muldi\Documents\Playground\University\senior-project-1\dataset\internet\clear\รายการเย็ดแม่.wav,224.4,225.5,none
C:\Users\muldi\Documents\Playground\University\senior-project-1\dataset\internet\clear\รายการเย็ดแม่.wav,225.5,226.6,none
C:\Users\muldi\Documents\Playground\University\senior-project-1\dataset\internet\clear\รายการเย็ดแม่.wav,226.6,227.7,none
C:\Users\muldi\Documents\Playground\University\senior-project-1\dataset\internet\clear\รายการเย็ดแม่.wav,227.7,228.8,none
C:\Users\muldi\Documents\Playground\University\senior-project-1\dataset\internet\clear\รายการเย็ดแม่.wav,228.8,229.9,none
C:\Users\muldi\Documents\Playground\University\senior-project-1\dataset\internet\clear\รายการเย็ดแม่.wav,229.9,231.0,none
C:\Users\muldi\Documents\Playground\University\senior-project-1\dataset\internet\clear\รายการเย็ดแม่.wav,231.0,232.1,none
C:\Users\muldi\Documents\Playground\University\senior-project-1\dataset\internet\clear\รายการเย็ดแม่.wav,232.1,233.2,none
C:\Users\muldi\Documents\Playground\University\senior-project-1\dataset\internet\clear\รายการเย็ดแม่.wav,233.2,234.3,none
C:\Users\muldi\Documents\Playground\University\senior-project-1\dataset\internet\clear\รายการเย็ดแม่.wav,234.3,235.4,none
C:\Users\muldi\Documents\Playground\University\senior-project-1\dataset\internet\clear\รายการเย็ดแม่.wav,235.4,236.5,none
C:\Users\muldi\Documents\Playground\University\senior-project-1\dataset\internet\clear\รายการเย็ดแม่.wav,236.5,237.6,none
C:\Users\muldi\Documents\Playground\University\senior-project-1\dataset\internet\clear\รายการเย็ดแม่.wav,237.6,238.7,none
C:\Users\muldi\Documents\Playground\University\senior-project-1\dataset\internet\clear\รายการเย็ดแม่.wav,238.7,239.8,none
C:\Users\muldi\Documents\Playground\University\senior-project-1\dataset\internet\clear\รายการเย็ดแม่.wav,239.8,240.9,none
C:\Users\muldi\Documents\Playground\University\senior-project-1\dataset\internet\clear\รายการเย็ดแม่.wav,240.9,242.0,none
C:\Users\muldi\Documents\Playground\University\senior-project-1\dataset\internet\clear\รายการเย็ดแม่.wav,242.0,243.1,none
C:\Users\muldi\Documents\Playground\University\senior-project-1\dataset\internet\clear\รายการเย็ดแม่.wav,243.1,244.2,มึง
C:\Users\muldi\Documents\Playground\University\senior-project-1\dataset\internet\clear\รายการเย็ดแม่.wav,244.2,245.3,none
C:\Users\muldi\Documents\Playground\University\senior-project-1\dataset\internet\clear\รายการเย็ดแม่.wav,245.3,246.4,none
C:\Users\muldi\Documents\Playground\University\senior-project-1\dataset\internet\clear\รายการเย็ดแม่.wav,246.4,247.5,มึง
C:\Users\muldi\Documents\Playground\University\senior-project-1\dataset\internet\clear\รายการเย็ดแม่.wav,247.5,248.6,none
C:\Users\muldi\Documents\Playground\University\senior-project-1\dataset\internet\clear\รายการเย็ดแม่.wav,248.6,249.7,none
C:\Users\muldi\Documents\Playground\University\senior-project-1\dataset\internet\clear\รายการเย็ดแม่.wav,249.7,250.8,none
C:\Users\muldi\Documents\Playground\University\senior-project-1\dataset\internet\clear\รายการเย็ดแม่.wav,250.8,251.9,none
C:\Users\muldi\Documents\Playground\University\senior-project-1\dataset\internet\clear\รายการเย็ดแม่.wav,251.9,253.0,none
C:\Users\muldi\Documents\Playground\University\senior-project-1\dataset\internet\clear\รายการเย็ดแม่.wav,253.0,254.1,none
C:\Users\muldi\Documents\Playground\University\senior-project-1\dataset\internet\clear\รายการเย็ดแม่.wav,254.1,255.2,กู
C:\Users\muldi\Documents\Playground\University\senior-project-1\dataset\internet\clear\รายการเย็ดแม่.wav,255.2,256.3,none
C:\Users\muldi\Documents\Playground\University\senior-project-1\dataset\internet\clear\รายการเย็ดแม่.wav,256.3,257.4,none
C:\Users\muldi\Documents\Playground\University\senior-project-1\dataset\internet\clear\รายการเย็ดแม่.wav,257.4,258.5,none
C:\Users\muldi\Documents\Playground\University\senior-project-1\dataset\internet\clear\รายการเย็ดแม่.wav,258.5,259.6,none
C:\Users\muldi\Documents\Playground\University\senior-project-1\dataset\internet\clear\รายการเย็ดแม่.wav,259.6,260.7,none
C:\Users\muldi\Documents\Playground\University\senior-project-1\dataset\internet\clear\รายการเย็ดแม่.wav,260.7,261.8,เหี้ย
C:\Users\muldi\Documents\Playground\University\senior-project-1\dataset\internet\clear\รายการเย็ดแม่.wav,261.8,262.9,none
C:\Users\muldi\Documents\Playground\University\senior-project-1\dataset\internet\clear\รายการเย็ดแม่.wav,262.9,264.0,none
C:\Users\muldi\Documents\Playground\University\senior-project-1\dataset\internet\clear\รายการเย็ดแม่.wav,264.0,265.1,none
C:\Users\muldi\Documents\Playground\University\senior-project-1\dataset\internet\clear\รายการเย็ดแม่.wav,265.1,266.2,none
C:\Users\muldi\Documents\Playground\University\senior-project-1\dataset\internet\clear\รายการเย็ดแม่.wav,266.2,267.3,none
C:\Users\muldi\Documents\Playground\University\senior-project-1\dataset\internet\clear\รายการเย็ดแม่.wav,267.3,268.4,none
C:\Users\muldi\Documents\Playground\University\senior-project-1\dataset\internet\clear\รายการเย็ดแม่.wav,268.4,269.5,none
C:\Users\muldi\Documents\Playground\University\senior-project-1\dataset\internet\clear\รายการเย็ดแม่.wav,269.5,270.6,none
C:\Users\muldi\Documents\Playground\University\senior-project-1\dataset\internet\clear\รายการเย็ดแม่.wav,270.6,271.7,none
C:\Users\muldi\Documents\Playground\University\senior-project-1\dataset\internet\clear\รายการเย็ดแม่.wav,271.7,272.8,none
C:\Users\muldi\Documents\Playground\University\senior-project-1\dataset\internet\clear\รายการเย็ดแม่.wav,272.8,273.9,none
C:\Users\muldi\Documents\Playground\University\senior-project-1\dataset\internet\clear\รายการเย็ดแม่.wav,273.9,275.0,none
C:\Users\muldi\Documents\Playground\University\senior-project-1\dataset\internet\clear\รายการเย็ดแม่.wav,275.0,276.1,none
C:\Users\muldi\Documents\Playground\University\senior-project-1\dataset\internet\clear\รายการเย็ดแม่.wav,276.1,277.2,none
C:\Users\muldi\Documents\Playground\University\senior-project-1\dataset\internet\clear\รายการเย็ดแม่.wav,277.2,278.3,none
C:\Users\muldi\Documents\Playground\University\senior-project-1\dataset\internet\clear\รายการเย็ดแม่.wav,278.3,279.4,none
C:\Users\muldi\Documents\Playground\University\senior-project-1\dataset\internet\clear\รายการเย็ดแม่.wav,279.4,280.5,none
C:\Users\muldi\Documents\Playground\University\senior-project-1\dataset\internet\clear\รายการเย็ดแม่.wav,280.5,281.6,none
C:\Users\muldi\Documents\Playground\University\senior-project-1\dataset\internet\clear\รายการเย็ดแม่.wav,281.6,282.7,none
C:\Users\muldi\Documents\Playground\University\senior-project-1\dataset\internet\clear\รายการเย็ดแม่.wav,282.7,283.8,none
C:\Users\muldi\Documents\Playground\University\senior-project-1\dataset\internet\clear\รายการเย็ดแม่.wav,283.8,284.9,none
C:\Users\muldi\Documents\Playground\University\senior-project-1\dataset\internet\clear\รายการเย็ดแม่.wav,284.9,286.0,none
C:\Users\muldi\Documents\Playground\University\senior-project-1\dataset\internet\clear\รายการเย็ดแม่.wav,286.0,287.1,none
C:\Users\muldi\Documents\Playground\University\senior-project-1\dataset\internet\clear\รายการเย็ดแม่.wav,287.1,288.2,none
C:\Users\muldi\Documents\Playground\University\senior-project-1\dataset\internet\clear\รายการเย็ดแม่.wav,288.2,289.3,none
C:\Users\muldi\Documents\Playground\University\senior-project-1\dataset\internet\clear\รายการเย็ดแม่.wav,289.3,290.4,none
C:\Users\muldi\Documents\Playground\University\senior-project-1\dataset\internet\clear\รายการเย็ดแม่.wav,290.4,291.5,none
C:\Users\muldi\Documents\Playground\University\senior-project-1\dataset\internet\clear\รายการเย็ดแม่.wav,291.5,292.6,none
C:\Users\muldi\Documents\Playground\University\senior-project-1\dataset\internet\clear\รายการเย็ดแม่.wav,292.6,293.7,none
C:\Users\muldi\Documents\Playground\University\senior-project-1\dataset\internet\clear\รายการเย็ดแม่.wav,293.7,294.8,none
C:\Users\muldi\Documents\Playground\University\senior-project-1\dataset\internet\clear\รายการเย็ดแม่.wav,294.8,295.9,none
C:\Users\muldi\Documents\Playground\University\senior-project-1\dataset\internet\clear\รายการเย็ดแม่.wav,295.9,297.0,none
C:\Users\muldi\Documents\Playground\University\senior-project-1\dataset\internet\clear\รายการเย็ดแม่.wav,297.0,298.1,เหี้ย
C:\Users\muldi\Documents\Playground\University\senior-project-1\dataset\internet\clear\รายการเย็ดแม่.wav,298.1,299.2,none
C:\Users\muldi\Documents\Playground\University\senior-project-1\dataset\internet\clear\รายการเย็ดแม่.wav,299.2,300.3,กู
C:\Users\muldi\Documents\Playground\University\senior-project-1\dataset\internet\clear\รายการเย็ดแม่.wav,300.3,301.4,none
C:\Users\muldi\Documents\Playground\University\senior-project-1\dataset\internet\clear\รายการเย็ดแม่.wav,301.4,302.5,none
C:\Users\muldi\Documents\Playground\University\senior-project-1\dataset\internet\clear\รายการเย็ดแม่.wav,302.5,303.6,none
C:\Users\muldi\Documents\Playground\University\senior-project-1\dataset\internet\clear\รายการเย็ดแม่.wav,303.6,304.7,none
C:\Users\muldi\Documents\Playground\University\senior-project-1\dataset\internet\clear\รายการเย็ดแม่.wav,304.7,305.8,none
C:\Users\muldi\Documents\Playground\University\senior-project-1\dataset\internet\clear\รายการเย็ดแม่.wav,305.8,306.9,none
C:\Users\muldi\Documents\Playground\University\senior-project-1\dataset\internet\clear\รายการเย็ดแม่.wav,306.9,308.0,none
C:\Users\muldi\Documents\Playground\University\senior-project-1\dataset\internet\clear\รายการเย็ดแม่.wav,308.0,309.1,none
C:\Users\muldi\Documents\Playground\University\senior-project-1\dataset\internet\clear\รายการเย็ดแม่.wav,309.1,310.2,none
C:\Users\muldi\Documents\Playground\University\senior-project-1\dataset\internet\clear\รายการเย็ดแม่.wav,310.2,311.3,none
C:\Users\muldi\Documents\Playground\University\senior-project-1\dataset\internet\clear\รายการเย็ดแม่.wav,311.3,312.4,none
C:\Users\muldi\Documents\Playground\University\senior-project-1\dataset\internet\clear\รายการเย็ดแม่.wav,312.4,313.5,none
C:\Users\muldi\Documents\Playground\University\senior-project-1\dataset\internet\clear\รายการเย็ดแม่.wav,313.5,314.6,none
C:\Users\muldi\Documents\Playground\University\senior-project-1\dataset\internet\clear\รายการเย็ดแม่.wav,314.6,315.7,none
C:\Users\muldi\Documents\Playground\University\senior-project-1\dataset\internet\clear\รายการเย็ดแม่.wav,315.7,316.8,none
C:\Users\muldi\Documents\Playground\University\senior-project-1\dataset\internet\clear\รายการเย็ดแม่.wav,316.8,317.9,none
C:\Users\muldi\Documents\Playground\University\senior-project-1\dataset\internet\clear\รายการเย็ดแม่.wav,317.9,319.0,none
C:\Users\muldi\Documents\Playground\University\senior-project-1\dataset\internet\clear\รายการเย็ดแม่.wav,319.0,320.1,none
C:\Users\muldi\Documents\Playground\University\senior-project-1\dataset\internet\clear\รายการเย็ดแม่.wav,320.1,321.2,none
C:\Users\muldi\Documents\Playground\University\senior-project-1\dataset\internet\clear\รายการเย็ดแม่.wav,321.2,322.3,none
C:\Users\muldi\Documents\Playground\University\senior-project-1\dataset\internet\clear\รายการเย็ดแม่.wav,322.3,323.4,none
C:\Users\muldi\Documents\Playground\University\senior-project-1\dataset\internet\clear\รายการเย็ดแม่.wav,323.4,324.5,none
C:\Users\muldi\Documents\Playground\University\senior-project-1\dataset\internet\clear\รายการเย็ดแม่.wav,324.5,325.6,none
C:\Users\muldi\Documents\Playground\University\senior-project-1\dataset\internet\clear\รายการเย็ดแม่.wav,325.6,326.7,none
C:\Users\muldi\Documents\Playground\University\senior-project-1\dataset\internet\clear\รายการเย็ดแม่.wav,326.7,327.8,none
C:\Users\muldi\Documents\Playground\University\senior-project-1\dataset\internet\clear\รายการเย็ดแม่.wav,327.8,328.9,none
C:\Users\muldi\Documents\Playground\University\senior-project-1\dataset\internet\clear\รายการเย็ดแม่.wav,328.9,330.0,none
C:\Users\muldi\Documents\Playground\University\senior-project-1\dataset\internet\clear\รายการเย็ดแม่.wav,330.0,331.1,none
C:\Users\muldi\Documents\Playground\University\senior-project-1\dataset\internet\clear\รายการเย็ดแม่.wav,331.1,332.2,none
C:\Users\muldi\Documents\Playground\University\senior-project-1\dataset\internet\clear\รายการเย็ดแม่.wav,332.2,333.3,none
C:\Users\muldi\Documents\Playground\University\senior-project-1\dataset\internet\clear\รายการเย็ดแม่.wav,333.3,334.4,none
C:\Users\muldi\Documents\Playground\University\senior-project-1\dataset\internet\clear\รายการเย็ดแม่.wav,334.4,335.5,none
C:\Users\muldi\Documents\Playground\University\senior-project-1\dataset\internet\clear\รายการเย็ดแม่.wav,335.5,336.6,none
C:\Users\muldi\Documents\Playground\University\senior-project-1\dataset\internet\clear\รายการเย็ดแม่.wav,336.6,337.7,none
C:\Users\muldi\Documents\Playground\University\senior-project-1\dataset\internet\clear\รายการเย็ดแม่.wav,337.7,338.8,none
C:\Users\muldi\Documents\Playground\University\senior-project-1\dataset\internet\clear\รายการเย็ดแม่.wav,338.8,339.9,none
C:\Users\muldi\Documents\Playground\University\senior-project-1\dataset\internet\clear\รายการเย็ดแม่.wav,339.9,341.0,none
C:\Users\muldi\Documents\Playground\University\senior-project-1\dataset\internet\clear\รายการเย็ดแม่.wav,341.0,342.1,none
C:\Users\muldi\Documents\Playground\University\senior-project-1\dataset\internet\clear\รายการเย็ดแม่.wav,342.1,343.2,none
C:\Users\muldi\Documents\Playground\University\senior-project-1\dataset\internet\clear\รายการเย็ดแม่.wav,343.2,344.3,none
C:\Users\muldi\Documents\Playground\University\senior-project-1\dataset\internet\clear\รายการเย็ดแม่.wav,344.3,345.4,none
C:\Users\muldi\Documents\Playground\University\senior-project-1\dataset\internet\clear\รายการเย็ดแม่.wav,345.4,346.5,none
C:\Users\muldi\Documents\Playground\University\senior-project-1\dataset\internet\clear\รายการเย็ดแม่.wav,346.5,347.6,none
C:\Users\muldi\Documents\Playground\University\senior-project-1\dataset\internet\clear\รายการเย็ดแม่.wav,347.6,348.7,none
C:\Users\muldi\Documents\Playground\University\senior-project-1\dataset\internet\clear\รายการเย็ดแม่.wav,348.7,349.8,none
C:\Users\muldi\Documents\Playground\University\senior-project-1\dataset\internet\clear\รายการเย็ดแม่.wav,349.8,350.9,none
C:\Users\muldi\Documents\Playground\University\senior-project-1\dataset\internet\clear\รายการเย็ดแม่.wav,350.9,352.0,none
C:\Users\muldi\Documents\Playground\University\senior-project-1\dataset\internet\clear\รายการเย็ดแม่.wav,352.0,353.1,none
C:\Users\muldi\Documents\Playground\University\senior-project-1\dataset\internet\clear\รายการเย็ดแม่.wav,353.1,354.2,none
C:\Users\muldi\Documents\Playground\University\senior-project-1\dataset\internet\clear\รายการเย็ดแม่.wav,354.2,355.3,none
C:\Users\muldi\Documents\Playground\University\senior-project-1\dataset\internet\clear\รายการเย็ดแม่.wav,355.3,356.4,none
C:\Users\muldi\Documents\Playground\University\senior-project-1\dataset\internet\clear\รายการเย็ดแม่.wav,356.4,357.5,none
C:\Users\muldi\Documents\Playground\University\senior-project-1\dataset\internet\clear\รายการเย็ดแม่.wav,357.5,358.6,none
C:\Users\muldi\Documents\Playground\University\senior-project-1\dataset\internet\clear\รายการเย็ดแม่.wav,358.6,359.7,none
C:\Users\muldi\Documents\Playground\University\senior-project-1\dataset\internet\clear\รายการเย็ดแม่.wav,359.7,360.8,none
C:\Users\muldi\Documents\Playground\University\senior-project-1\dataset\internet\clear\รายการเย็ดแม่.wav,360.8,361.9,none
C:\Users\muldi\Documents\Playground\University\senior-project-1\dataset\internet\clear\รายการเย็ดแม่.wav,361.9,363.0,none
C:\Users\muldi\Documents\Playground\University\senior-project-1\dataset\internet\clear\รายการเย็ดแม่.wav,363.0,364.1,none
C:\Users\muldi\Documents\Playground\University\senior-project-1\dataset\internet\clear\รายการเย็ดแม่.wav,364.1,365.2,none
C:\Users\muldi\Documents\Playground\University\senior-project-1\dataset\internet\clear\รายการเย็ดแม่.wav,365.2,366.3,none
C:\Users\muldi\Documents\Playground\University\senior-project-1\dataset\internet\clear\รายการเย็ดแม่.wav,366.3,367.4,none
C:\Users\muldi\Documents\Playground\University\senior-project-1\dataset\internet\clear\รายการเย็ดแม่.wav,367.4,368.5,none
C:\Users\muldi\Documents\Playground\University\senior-project-1\dataset\internet\clear\รายการเย็ดแม่.wav,368.5,369.6,none
C:\Users\muldi\Documents\Playground\University\senior-project-1\dataset\internet\clear\รายการเย็ดแม่.wav,369.6,370.7,none
C:\Users\muldi\Documents\Playground\University\senior-project-1\dataset\internet\clear\รายการเย็ดแม่.wav,370.7,371.8,none
C:\Users\muldi\Documents\Playground\University\senior-project-1\dataset\internet\clear\รายการเย็ดแม่.wav,371.8,372.9,none
C:\Users\muldi\Documents\Playground\University\senior-project-1\dataset\internet\clear\รายการเย็ดแม่.wav,372.9,374.0,none
C:\Users\muldi\Documents\Playground\University\senior-project-1\dataset\internet\clear\รายการเย็ดแม่.wav,374.0,375.1,none
C:\Users\muldi\Documents\Playground\University\senior-project-1\dataset\internet\clear\รายการเย็ดแม่.wav,375.1,376.2,none
C:\Users\muldi\Documents\Playground\University\senior-project-1\dataset\internet\clear\รายการเย็ดแม่.wav,376.2,377.3,none
C:\Users\muldi\Documents\Playground\University\senior-project-1\dataset\internet\clear\รายการเย็ดแม่.wav,377.3,378.4,none
C:\Users\muldi\Documents\Playground\University\senior-project-1\dataset\internet\clear\รายการเย็ดแม่.wav,378.4,379.5,none
C:\Users\muldi\Documents\Playground\University\senior-project-1\dataset\internet\clear\รายการเย็ดแม่.wav,379.5,380.6,none
C:\Users\muldi\Documents\Playground\University\senior-project-1\dataset\internet\clear\รายการเย็ดแม่.wav,380.6,381.7,none
C:\Users\muldi\Documents\Playground\University\senior-project-1\dataset\internet\clear\รายการเย็ดแม่.wav,381.7,382.8,none
C:\Users\muldi\Documents\Playground\University\senior-project-1\dataset\internet\clear\รายการเย็ดแม่.wav,382.8,383.9,none
C:\Users\muldi\Documents\Playground\University\senior-project-1\dataset\internet\clear\รายการเย็ดแม่.wav,383.9,385.0,none
C:\Users\muldi\Documents\Playground\University\senior-project-1\dataset\internet\clear\รายการเย็ดแม่.wav,385.0,386.1,none
C:\Users\muldi\Documents\Playground\University\senior-project-1\dataset\internet\clear\รายการเย็ดแม่.wav,386.1,387.2,none
C:\Users\muldi\Documents\Playground\University\senior-project-1\dataset\internet\clear\รายการเย็ดแม่.wav,387.2,388.3,none
C:\Users\muldi\Documents\Playground\University\senior-project-1\dataset\internet\clear\รายการเย็ดแม่.wav,388.3,389.4,none
C:\Users\muldi\Documents\Playground\University\senior-project-1\dataset\internet\clear\รายการเย็ดแม่.wav,389.4,390.5,none
C:\Users\muldi\Documents\Playground\University\senior-project-1\dataset\internet\clear\รายการเย็ดแม่.wav,390.5,391.6,none
C:\Users\muldi\Documents\Playground\University\senior-project-1\dataset\internet\clear\รายการเย็ดแม่.wav,391.6,392.7,none
C:\Users\muldi\Documents\Playground\University\senior-project-1\dataset\internet\clear\รายการเย็ดแม่.wav,392.7,393.8,none
C:\Users\muldi\Documents\Playground\University\senior-project-1\dataset\internet\clear\รายการเย็ดแม่.wav,393.8,394.9,none
C:\Users\muldi\Documents\Playground\University\senior-project-1\dataset\internet\clear\รายการเย็ดแม่.wav,394.9,396.0,none
C:\Users\muldi\Documents\Playground\University\senior-project-1\dataset\internet\clear\รายการเย็ดแม่.wav,396.0,397.1,none
C:\Users\muldi\Documents\Playground\University\senior-project-1\dataset\internet\clear\รายการเย็ดแม่.wav,397.1,398.2,none
C:\Users\muldi\Documents\Playground\University\senior-project-1\dataset\internet\clear\รายการเย็ดแม่.wav,398.2,399.3,none
C:\Users\muldi\Documents\Playground\University\senior-project-1\dataset\internet\clear\รายการเย็ดแม่.wav,399.3,400.4,none
C:\Users\muldi\Documents\Playground\University\senior-project-1\dataset\internet\clear\รายการเย็ดแม่.wav,400.4,401.5,none
C:\Users\muldi\Documents\Playground\University\senior-project-1\dataset\internet\clear\รายการเย็ดแม่.wav,401.5,402.6,none
C:\Users\muldi\Documents\Playground\University\senior-project-1\dataset\internet\clear\รายการเย็ดแม่.wav,402.6,403.7,none
C:\Users\muldi\Documents\Playground\University\senior-project-1\dataset\internet\clear\รายการเย็ดแม่.wav,403.7,404.8,none
C:\Users\muldi\Documents\Playground\University\senior-project-1\dataset\internet\clear\รายการเย็ดแม่.wav,404.8,405.9,กู
C:\Users\muldi\Documents\Playground\University\senior-project-1\dataset\internet\clear\รายการเย็ดแม่.wav,405.9,407.0,none
C:\Users\muldi\Documents\Playground\University\senior-project-1\dataset\internet\clear\รายการเย็ดแม่.wav,407.0,408.1,none
C:\Users\muldi\Documents\Playground\University\senior-project-1\dataset\internet\clear\รายการเย็ดแม่.wav,408.1,409.2,none
C:\Users\muldi\Documents\Playground\University\senior-project-1\dataset\internet\clear\รายการเย็ดแม่.wav,409.2,410.3,none
C:\Users\muldi\Documents\Playground\University\senior-project-1\dataset\internet\clear\รายการเย็ดแม่.wav,410.3,411.4,none
C:\Users\muldi\Documents\Playground\University\senior-project-1\dataset\internet\clear\รายการเย็ดแม่.wav,411.4,412.5,none
C:\Users\muldi\Documents\Playground\University\senior-project-1\dataset\internet\clear\รายการเย็ดแม่.wav,412.5,413.6,none
C:\Users\muldi\Documents\Playground\University\senior-project-1\dataset\internet\clear\รายการเย็ดแม่.wav,413.6,414.7,none
C:\Users\muldi\Documents\Playground\University\senior-project-1\dataset\internet\clear\รายการเย็ดแม่.wav,414.7,415.8,none
C:\Users\muldi\Documents\Playground\University\senior-project-1\dataset\internet\clear\รายการเย็ดแม่.wav,415.8,416.9,none
C:\Users\muldi\Documents\Playground\University\senior-project-1\dataset\internet\clear\รายการเย็ดแม่.wav,416.9,418.0,none
C:\Users\muldi\Documents\Playground\University\senior-project-1\dataset\internet\clear\รายการเย็ดแม่.wav,418.0,419.1,none
C:\Users\muldi\Documents\Playground\University\senior-project-1\dataset\internet\clear\รายการเย็ดแม่.wav,419.1,420.2,none
C:\Users\muldi\Documents\Playground\University\senior-project-1\dataset\internet\clear\รายการเย็ดแม่.wav,420.2,421.3,เหี้ย
C:\Users\muldi\Documents\Playground\University\senior-project-1\dataset\internet\clear\รายการเย็ดแม่.wav,421.3,422.4,none
C:\Users\muldi\Documents\Playground\University\senior-project-1\dataset\internet\clear\รายการเย็ดแม่.wav,422.4,423.5,none
C:\Users\muldi\Documents\Playground\University\senior-project-1\dataset\internet\clear\รายการเย็ดแม่.wav,423.5,424.6,none
C:\Users\muldi\Documents\Playground\University\senior-project-1\dataset\internet\clear\รายการเย็ดแม่.wav,424.6,425.7,none
C:\Users\muldi\Documents\Playground\University\senior-project-1\dataset\internet\clear\รายการเย็ดแม่.wav,425.7,426.8,none
C:\Users\muldi\Documents\Playground\University\senior-project-1\dataset\internet\clear\รายการเย็ดแม่.wav,426.8,427.9,none
C:\Users\muldi\Documents\Playground\University\senior-project-1\dataset\internet\clear\รายการเย็ดแม่.wav,427.9,429.0,none
C:\Users\muldi\Documents\Playground\University\senior-project-1\dataset\internet\clear\รายการเย็ดแม่.wav,429.0,430.1,none
C:\Users\muldi\Documents\Playground\University\senior-project-1\dataset\internet\clear\รายการเย็ดแม่.wav,430.1,431.2,none
C:\Users\muldi\Documents\Playground\University\senior-project-1\dataset\internet\clear\รายการเย็ดแม่.wav,431.2,432.3,none
C:\Users\muldi\Documents\Playground\University\senior-project-1\dataset\internet\clear\รายการเย็ดแม่.wav,432.3,433.4,เหี้ย
C:\Users\muldi\Documents\Playground\University\senior-project-1\dataset\internet\clear\รายการเย็ดแม่.wav,433.4,434.5,none
C:\Users\muldi\Documents\Playground\University\senior-project-1\dataset\internet\clear\รายการเย็ดแม่.wav,434.5,435.6,none
C:\Users\muldi\Documents\Playground\University\senior-project-1\dataset\internet\clear\รายการเย็ดแม่.wav,435.6,436.7,เหี้ย
C:\Users\muldi\Documents\Playground\University\senior-project-1\dataset\internet\clear\รายการเย็ดแม่.wav,436.7,437.8,none
C:\Users\muldi\Documents\Playground\University\senior-project-1\dataset\internet\clear\รายการเย็ดแม่.wav,437.8,438.9,none
C:\Users\muldi\Documents\Playground\University\senior-project-1\dataset\internet\clear\รายการเย็ดแม่.wav,438.9,440.0,none
C:\Users\muldi\Documents\Playground\University\senior-project-1\dataset\internet\clear\รายการเย็ดแม่.wav,440.0,441.1,none
C:\Users\muldi\Documents\Playground\University\senior-project-1\dataset\internet\clear\รายการเย็ดแม่.wav,441.1,442.2,none
C:\Users\muldi\Documents\Playground\University\senior-project-1\dataset\internet\clear\รายการเย็ดแม่.wav,442.2,443.3,none
C:\Users\muldi\Documents\Playground\University\senior-project-1\dataset\internet\clear\รายการเย็ดแม่.wav,443.3,444.4,none
C:\Users\muldi\Documents\Playground\University\senior-project-1\dataset\internet\clear\รายการเย็ดแม่.wav,444.4,445.5,เหี้ย
C:\Users\muldi\Documents\Playground\University\senior-project-1\dataset\internet\clear\รายการเย็ดแม่.wav,445.5,446.6,none
C:\Users\muldi\Documents\Playground\University\senior-project-1\dataset\internet\clear\รายการเย็ดแม่.wav,446.6,447.7,none
C:\Users\muldi\Documents\Playground\University\senior-project-1\dataset\internet\clear\รายการเย็ดแม่.wav,447.7,448.8,none
C:\Users\muldi\Documents\Playground\University\senior-project-1\dataset\internet\clear\รายการเย็ดแม่.wav,448.8,449.9,none
C:\Users\muldi\Documents\Playground\University\senior-project-1\dataset\internet\clear\รายการเย็ดแม่.wav,449.9,451.0,none
C:\Users\muldi\Documents\Playground\University\senior-project-1\dataset\internet\clear\รายการเย็ดแม่.wav,451.0,452.1,none
C:\Users\muldi\Documents\Playground\University\senior-project-1\dataset\internet\clear\รายการเย็ดแม่.wav,452.1,453.2,none
C:\Users\muldi\Documents\Playground\University\senior-project-1\dataset\internet\clear\รายการเย็ดแม่.wav,453.2,454.3,none
C:\Users\muldi\Documents\Playground\University\senior-project-1\dataset\internet\clear\รายการเย็ดแม่.wav,454.3,455.4,none
C:\Users\muldi\Documents\Playground\University\senior-project-1\dataset\internet\clear\รายการเย็ดแม่.wav,455.4,456.5,none
C:\Users\muldi\Documents\Playground\University\senior-project-1\dataset\internet\clear\รายการเย็ดแม่.wav,456.5,457.6,none
C:\Users\muldi\Documents\Playground\University\senior-project-1\dataset\internet\clear\รายการเย็ดแม่.wav,457.6,458.7,none
C:\Users\muldi\Documents\Playground\University\senior-project-1\dataset\internet\clear\รายการเย็ดแม่.wav,458.7,459.8,none
C:\Users\muldi\Documents\Playground\University\senior-project-1\dataset\internet\clear\รายการเย็ดแม่.wav,459.8,460.9,none
C:\Users\muldi\Documents\Playground\University\senior-project-1\dataset\internet\clear\รายการเย็ดแม่.wav,460.9,462.0,none
C:\Users\muldi\Documents\Playground\University\senior-project-1\dataset\internet\clear\รายการเย็ดแม่.wav,462.0,463.1,none
C:\Users\muldi\Documents\Playground\University\senior-project-1\dataset\internet\clear\รายการเย็ดแม่.wav,463.1,464.2,none
C:\Users\muldi\Documents\Playground\University\senior-project-1\dataset\internet\clear\รายการเย็ดแม่.wav,464.2,465.3,none
C:\Users\muldi\Documents\Playground\University\senior-project-1\dataset\internet\clear\รายการเย็ดแม่.wav,465.3,466.4,none
C:\Users\muldi\Documents\Playground\University\senior-project-1\dataset\internet\clear\รายการเย็ดแม่.wav,466.4,467.5,none
C:\Users\muldi\Documents\Playground\University\senior-project-1\dataset\internet\clear\รายการเย็ดแม่.wav,467.5,468.6,none
C:\Users\muldi\Documents\Playground\University\senior-project-1\dataset\internet\clear\รายการเย็ดแม่.wav,468.6,469.7,none
C:\Users\muldi\Documents\Playground\University\senior-project-1\dataset\internet\clear\รายการเย็ดแม่.wav,469.7,470.8,none
C:\Users\muldi\Documents\Playground\University\senior-project-1\dataset\internet\clear\รายการเย็ดแม่.wav,470.8,471.9,none
C:\Users\muldi\Documents\Playground\University\senior-project-1\dataset\internet\clear\รายการเย็ดแม่.wav,471.9,473.0,none
C:\Users\muldi\Documents\Playground\University\senior-project-1\dataset\internet\clear\รายการเย็ดแม่.wav,473.0,474.1,none
C:\Users\muldi\Documents\Playground\University\senior-project-1\dataset\internet\clear\รายการเย็ดแม่.wav,474.1,475.2,none
C:\Users\muldi\Documents\Playground\University\senior-project-1\dataset\internet\clear\รายการเย็ดแม่.wav,475.2,476.3,none
C:\Users\muldi\Documents\Playground\University\senior-project-1\dataset\internet\clear\รายการเย็ดแม่.wav,476.3,477.4,none
C:\Users\muldi\Documents\Playground\University\senior-project-1\dataset\internet\clear\รายการเย็ดแม่.wav,477.4,478.5,none
C:\Users\muldi\Documents\Playground\University\senior-project-1\dataset\internet\clear\รายการเย็ดแม่.wav,478.5,479.6,none
C:\Users\muldi\Documents\Playground\University\senior-project-1\dataset\internet\clear\รายการเย็ดแม่.wav,479.6,480.7,none
C:\Users\muldi\Documents\Playground\University\senior-project-1\dataset\internet\clear\รายการเย็ดแม่.wav,480.7,481.8,none
C:\Users\muldi\Documents\Playground\University\senior-project-1\dataset\internet\clear\รายการเย็ดแม่.wav,481.8,482.9,none
C:\Users\muldi\Documents\Playground\University\senior-project-1\dataset\internet\clear\รายการเย็ดแม่.wav,482.9,484.0,กู
C:\Users\muldi\Documents\Playground\University\senior-project-1\dataset\internet\clear\รายการเย็ดแม่.wav,484.0,485.1,none
C:\Users\muldi\Documents\Playground\University\senior-project-1\dataset\internet\clear\รายการเย็ดแม่.wav,485.1,486.2,none
C:\Users\muldi\Documents\Playground\University\senior-project-1\dataset\internet\clear\รายการเย็ดแม่.wav,486.2,487.3,none
C:\Users\muldi\Documents\Playground\University\senior-project-1\dataset\internet\clear\รายการเย็ดแม่.wav,487.3,488.4,none
C:\Users\muldi\Documents\Playground\University\senior-project-1\dataset\internet\clear\รายการเย็ดแม่.wav,488.4,489.5,none
C:\Users\muldi\Documents\Playground\University\senior-project-1\dataset\internet\clear\รายการเย็ดแม่.wav,489.5,490.6,none
C:\Users\muldi\Documents\Playground\University\senior-project-1\dataset\internet\clear\รายการเย็ดแม่.wav,490.6,491.7,none
C:\Users\muldi\Documents\Playground\University\senior-project-1\dataset\internet\clear\รายการเย็ดแม่.wav,491.7,492.8,เหี้ย
C:\Users\muldi\Documents\Playground\University\senior-project-1\dataset\internet\clear\รายการเย็ดแม่.wav,492.8,493.9,กู
C:\Users\muldi\Documents\Playground\University\senior-project-1\dataset\internet\clear\รายการเย็ดแม่.wav,493.9,495.0,none
C:\Users\muldi\Documents\Playground\University\senior-project-1\dataset\internet\clear\รายการเย็ดแม่.wav,495.0,496.1,none
C:\Users\muldi\Documents\Playground\University\senior-project-1\dataset\internet\clear\รายการเย็ดแม่.wav,496.1,497.2,none
C:\Users\muldi\Documents\Playground\University\senior-project-1\dataset\internet\clear\รายการเย็ดแม่.wav,497.2,498.3,none
C:\Users\muldi\Documents\Playground\University\senior-project-1\dataset\internet\clear\รายการเย็ดแม่.wav,498.3,499.4,none
C:\Users\muldi\Documents\Playground\University\senior-project-1\dataset\internet\clear\รายการเย็ดแม่.wav,499.4,500.5,none
C:\Users\muldi\Documents\Playground\University\senior-project-1\dataset\internet\clear\รายการเย็ดแม่.wav,500.5,501.6,none
C:\Users\muldi\Documents\Playground\University\senior-project-1\dataset\internet\clear\รายการเย็ดแม่.wav,501.6,502.7,none
C:\Users\muldi\Documents\Playground\University\senior-project-1\dataset\internet\clear\รายการเย็ดแม่.wav,502.7,503.8,none
C:\Users\muldi\Documents\Playground\University\senior-project-1\dataset\internet\clear\รายการเย็ดแม่.wav,503.8,504.9,none
C:\Users\muldi\Documents\Playground\University\senior-project-1\dataset\internet\clear\รายการเย็ดแม่.wav,504.9,506.0,none
C:\Users\muldi\Documents\Playground\University\senior-project-1\dataset\internet\clear\รายการเย็ดแม่.wav,506.0,507.1,none
C:\Users\muldi\Documents\Playground\University\senior-project-1\dataset\internet\clear\รายการเย็ดแม่.wav,507.1,508.2,none
C:\Users\muldi\Documents\Playground\University\senior-project-1\dataset\internet\clear\รายการเย็ดแม่.wav,508.2,509.3,เหี้ย
C:\Users\muldi\Documents\Playground\University\senior-project-1\dataset\internet\clear\รายการเย็ดแม่.wav,509.3,510.4,กู
C:\Users\muldi\Documents\Playground\University\senior-project-1\dataset\internet\clear\รายการเย็ดแม่.wav,510.4,511.5,none
C:\Users\muldi\Documents\Playground\University\senior-project-1\dataset\internet\clear\รายการเย็ดแม่.wav,511.5,512.6,none
C:\Users\muldi\Documents\Playground\University\senior-project-1\dataset\internet\clear\รายการเย็ดแม่.wav,512.6,513.7,none
C:\Users\muldi\Documents\Playground\University\senior-project-1\dataset\internet\clear\รายการเย็ดแม่.wav,513.7,514.8,none
C:\Users\muldi\Documents\Playground\University\senior-project-1\dataset\internet\clear\รายการเย็ดแม่.wav,514.8,515.9,none
C:\Users\muldi\Documents\Playground\University\senior-project-1\dataset\internet\clear\รายการเย็ดแม่.wav,515.9,517.0,none
C:\Users\muldi\Documents\Playground\University\senior-project-1\dataset\internet\clear\รายการเย็ดแม่.wav,517.0,518.1,กู
C:\Users\muldi\Documents\Playground\University\senior-project-1\dataset\internet\clear\รายการเย็ดแม่.wav,518.1,519.2,กู
C:\Users\muldi\Documents\Playground\University\senior-project-1\dataset\internet\clear\รายการเย็ดแม่.wav,519.2,520.3,กู
C:\Users\muldi\Documents\Playground\University\senior-project-1\dataset\internet\clear\รายการเย็ดแม่.wav,520.3,521.4,none
C:\Users\muldi\Documents\Playground\University\senior-project-1\dataset\internet\clear\รายการเย็ดแม่.wav,521.4,522.5,none
C:\Users\muldi\Documents\Playground\University\senior-project-1\dataset\internet\clear\รายการเย็ดแม่.wav,522.5,523.6,none
C:\Users\muldi\Documents\Playground\University\senior-project-1\dataset\internet\clear\รายการเย็ดแม่.wav,523.6,524.7,none
C:\Users\muldi\Documents\Playground\University\senior-project-1\dataset\internet\clear\รายการเย็ดแม่.wav,524.7,525.8,none
C:\Users\muldi\Documents\Playground\University\senior-project-1\dataset\internet\clear\รายการเย็ดแม่.wav,525.8,526.9,none
C:\Users\muldi\Documents\Playground\University\senior-project-1\dataset\internet\clear\รายการเย็ดแม่.wav,526.9,528.0,none
C:\Users\muldi\Documents\Playground\University\senior-project-1\dataset\internet\clear\รายการเย็ดแม่.wav,528.0,529.1,none
C:\Users\muldi\Documents\Playground\University\senior-project-1\dataset\internet\clear\รายการเย็ดแม่.wav,529.1,530.2,none
C:\Users\muldi\Documents\Playground\University\senior-project-1\dataset\internet\clear\รายการเย็ดแม่.wav,530.2,531.3,none
C:\Users\muldi\Documents\Playground\University\senior-project-1\dataset\internet\clear\รายการเย็ดแม่.wav,531.3,532.4,none
C:\Users\muldi\Documents\Playground\University\senior-project-1\dataset\internet\clear\รายการเย็ดแม่.wav,532.4,533.5,none
C:\Users\muldi\Documents\Playground\University\senior-project-1\dataset\internet\clear\รายการเย็ดแม่.wav,533.5,534.6,none
C:\Users\muldi\Documents\Playground\University\senior-project-1\dataset\internet\clear\รายการเย็ดแม่.wav,534.6,535.7,none
C:\Users\muldi\Documents\Playground\University\senior-project-1\dataset\internet\clear\รายการเย็ดแม่.wav,535.7,536.8,none
C:\Users\muldi\Documents\Playground\University\senior-project-1\dataset\internet\clear\รายการเย็ดแม่.wav,536.8,537.9,none
C:\Users\muldi\Documents\Playground\University\senior-project-1\dataset\internet\clear\รายการเย็ดแม่.wav,537.9,539.0,none
C:\Users\muldi\Documents\Playground\University\senior-project-1\dataset\internet\clear\รายการเย็ดแม่.wav,539.0,540.1,none
C:\Users\muldi\Documents\Playground\University\senior-project-1\dataset\internet\clear\รายการเย็ดแม่.wav,540.1,541.2,none
C:\Users\muldi\Documents\Playground\University\senior-project-1\dataset\internet\clear\รายการเย็ดแม่.wav,541.2,542.3,none
C:\Users\muldi\Documents\Playground\University\senior-project-1\dataset\internet\clear\รายการเย็ดแม่.wav,542.3,543.4,none
C:\Users\muldi\Documents\Playground\University\senior-project-1\dataset\internet\clear\รายการเย็ดแม่.wav,543.4,544.5,none
C:\Users\muldi\Documents\Playground\University\senior-project-1\dataset\internet\clear\รายการเย็ดแม่.wav,544.5,545.6,none
C:\Users\muldi\Documents\Playground\University\senior-project-1\dataset\internet\clear\รายการเย็ดแม่.wav,545.6,546.7,none
C:\Users\muldi\Documents\Playground\University\senior-project-1\dataset\internet\clear\รายการเย็ดแม่.wav,546.7,547.8,none
C:\Users\muldi\Documents\Playground\University\senior-project-1\dataset\internet\clear\รายการเย็ดแม่.wav,547.8,548.9,none
C:\Users\muldi\Documents\Playground\University\senior-project-1\dataset\internet\clear\รายการเย็ดแม่.wav,548.9,550.0,none
C:\Users\muldi\Documents\Playground\University\senior-project-1\dataset\internet\clear\รายการเย็ดแม่.wav,550.0,551.1,none
C:\Users\muldi\Documents\Playground\University\senior-project-1\dataset\internet\clear\รายการเย็ดแม่.wav,551.1,552.2,none
C:\Users\muldi\Documents\Playground\University\senior-project-1\dataset\internet\clear\รายการเย็ดแม่.wav,552.2,553.3,none
C:\Users\muldi\Documents\Playground\University\senior-project-1\dataset\internet\clear\รายการเย็ดแม่.wav,553.3,554.4,none
C:\Users\muldi\Documents\Playground\University\senior-project-1\dataset\internet\clear\รายการเย็ดแม่.wav,554.4,555.5,none
C:\Users\muldi\Documents\Playground\University\senior-project-1\dataset\internet\clear\รายการเย็ดแม่.wav,555.5,556.6,none
C:\Users\muldi\Documents\Playground\University\senior-project-1\dataset\internet\clear\รายการเย็ดแม่.wav,556.6,557.7,none
C:\Users\muldi\Documents\Playground\University\senior-project-1\dataset\internet\clear\รายการเย็ดแม่.wav,557.7,558.8,none
C:\Users\muldi\Documents\Playground\University\senior-project-1\dataset\internet\clear\รายการเย็ดแม่.wav,558.8,559.9,none
C:\Users\muldi\Documents\Playground\University\senior-project-1\dataset\internet\clear\รายการเย็ดแม่.wav,559.9,561.0,มึง
C:\Users\muldi\Documents\Playground\University\senior-project-1\dataset\internet\clear\รายการเย็ดแม่.wav,561.0,562.1,none
C:\Users\muldi\Documents\Playground\University\senior-project-1\dataset\internet\clear\รายการเย็ดแม่.wav,562.1,563.2,none
C:\Users\muldi\Documents\Playground\University\senior-project-1\dataset\internet\clear\รายการเย็ดแม่.wav,563.2,564.3,none
C:\Users\muldi\Documents\Playground\University\senior-project-1\dataset\internet\clear\รายการเย็ดแม่.wav,564.3,565.4,none
C:\Users\muldi\Documents\Playground\University\senior-project-1\dataset\internet\clear\รายการเย็ดแม่.wav,565.4,566.5,none
C:\Users\muldi\Documents\Playground\University\senior-project-1\dataset\internet\clear\รายการเย็ดแม่.wav,566.5,567.6,none
C:\Users\muldi\Documents\Playground\University\senior-project-1\dataset\internet\clear\รายการเย็ดแม่.wav,567.6,568.7,none
C:\Users\muldi\Documents\Playground\University\senior-project-1\dataset\internet\clear\รายการเย็ดแม่.wav,568.7,569.8,none
C:\Users\muldi\Documents\Playground\University\senior-project-1\dataset\internet\clear\รายการเย็ดแม่.wav,569.8,570.9,none
C:\Users\muldi\Documents\Playground\University\senior-project-1\dataset\internet\clear\รายการเย็ดแม่.wav,570.9,572.0,none
C:\Users\muldi\Documents\Playground\University\senior-project-1\dataset\internet\clear\รายการเย็ดแม่.wav,572.0,573.1,เย็ด
C:\Users\muldi\Documents\Playground\University\senior-project-1\dataset\internet\clear\รายการเย็ดแม่.wav,573.1,574.2,none
C:\Users\muldi\Documents\Playground\University\senior-project-1\dataset\internet\clear\รายการเย็ดแม่.wav,574.2,575.3,none
C:\Users\muldi\Documents\Playground\University\senior-project-1\dataset\internet\clear\รายการเย็ดแม่.wav,575.3,576.4,none
C:\Users\muldi\Documents\Playground\University\senior-project-1\dataset\internet\clear\รายการเย็ดแม่.wav,576.4,577.5,none
C:\Users\muldi\Documents\Playground\University\senior-project-1\dataset\internet\clear\รายการเย็ดแม่.wav,577.5,578.6,none
C:\Users\muldi\Documents\Playground\University\senior-project-1\dataset\internet\clear\รายการเย็ดแม่.wav,578.6,579.7,เหี้ย
C:\Users\muldi\Documents\Playground\University\senior-project-1\dataset\internet\clear\รายการเย็ดแม่.wav,579.7,580.8,none
C:\Users\muldi\Documents\Playground\University\senior-project-1\dataset\internet\clear\รายการเย็ดแม่.wav,580.8,581.9,กู
C:\Users\muldi\Documents\Playground\University\senior-project-1\dataset\internet\clear\รายการเย็ดแม่.wav,581.9,583.0,เย็ด
C:\Users\muldi\Documents\Playground\University\senior-project-1\dataset\internet\clear\รายการเย็ดแม่.wav,583.0,584.1,เย็ด
C:\Users\muldi\Documents\Playground\University\senior-project-1\dataset\internet\clear\รายการเย็ดแม่.wav,584.1,585.2,none
C:\Users\muldi\Documents\Playground\University\senior-project-1\dataset\internet\clear\รายการเย็ดแม่.wav,585.2,586.3,none
C:\Users\muldi\Documents\Playground\University\senior-project-1\dataset\internet\clear\รายการเย็ดแม่.wav,586.3,587.4,none
C:\Users\muldi\Documents\Playground\University\senior-project-1\dataset\internet\clear\รายการเย็ดแม่.wav,587.4,588.5,none
C:\Users\muldi\Documents\Playground\University\senior-project-1\dataset\internet\clear\รายการเย็ดแม่.wav,588.5,589.6,เหี้ย
C:\Users\muldi\Documents\Playground\University\senior-project-1\dataset\internet\clear\รายการเย็ดแม่.wav,589.6,590.7,none
C:\Users\muldi\Documents\Playground\University\senior-project-1\dataset\internet\clear\รายการเย็ดแม่.wav,590.7,591.8,none
C:\Users\muldi\Documents\Playground\University\senior-project-1\dataset\internet\clear\รายการเย็ดแม่.wav,591.8,592.9,none
C:\Users\muldi\Documents\Playground\University\senior-project-1\dataset\internet\clear\รายการเย็ดแม่.wav,592.9,594.0,none
C:\Users\muldi\Documents\Playground\University\senior-project-1\dataset\internet\clear\รายการเย็ดแม่.wav,594.0,595.1,none
C:\Users\muldi\Documents\Playground\University\senior-project-1\dataset\internet\clear\รายการเย็ดแม่.wav,595.1,596.2,มึง
C:\Users\muldi\Documents\Playground\University\senior-project-1\dataset\internet\clear\รายการเย็ดแม่.wav,596.2,597.3,none
C:\Users\muldi\Documents\Playground\University\senior-project-1\dataset\internet\clear\รายการเย็ดแม่.wav,597.3,598.4,none
C:\Users\muldi\Documents\Playground\University\senior-project-1\dataset\internet\clear\รายการเย็ดแม่.wav,598.4,599.5,none
C:\Users\muldi\Documents\Playground\University\senior-project-1\dataset\internet\clear\รายการเย็ดแม่.wav,599.5,600.6,none
C:\Users\muldi\Documents\Playground\University\senior-project-1\dataset\internet\clear\รายการเย็ดแม่.wav,600.6,601.7,none
C:\Users\muldi\Documents\Playground\University\senior-project-1\dataset\internet\clear\รายการเย็ดแม่.wav,601.7,602.8,none
C:\Users\muldi\Documents\Playground\University\senior-project-1\dataset\internet\clear\รายการเย็ดแม่.wav,602.8,603.9,none
C:\Users\muldi\Documents\Playground\University\senior-project-1\dataset\internet\clear\รายการเย็ดแม่.wav,603.9,605.0,none
C:\Users\muldi\Documents\Playground\University\senior-project-1\dataset\internet\clear\รายการเย็ดแม่.wav,605.0,606.1,none
C:\Users\muldi\Documents\Playground\University\senior-project-1\dataset\internet\clear\รายการเย็ดแม่.wav,606.1,607.2,none
C:\Users\muldi\Documents\Playground\University\senior-project-1\dataset\internet\clear\รายการเย็ดแม่.wav,607.2,608.3,none
C:\Users\muldi\Documents\Playground\University\senior-project-1\dataset\internet\clear\รายการเย็ดแม่.wav,608.3,609.4,none
C:\Users\muldi\Documents\Playground\University\senior-project-1\dataset\internet\clear\รายการเย็ดแม่.wav,609.4,610.5,เหี้ย
C:\Users\muldi\Documents\Playground\University\senior-project-1\dataset\internet\clear\รายการเย็ดแม่.wav,610.5,611.6,none
C:\Users\muldi\Documents\Playground\University\senior-project-1\dataset\internet\clear\รายการเย็ดแม่.wav,611.6,612.7,none
C:\Users\muldi\Documents\Playground\University\senior-project-1\dataset\internet\clear\รายการเย็ดแม่.wav,612.7,613.8,none
C:\Users\muldi\Documents\Playground\University\senior-project-1\dataset\internet\clear\รายการเย็ดแม่.wav,613.8,614.9,none
C:\Users\muldi\Documents\Playground\University\senior-project-1\dataset\internet\clear\รายการเย็ดแม่.wav,614.9,616.0,none
C:\Users\muldi\Documents\Playground\University\senior-project-1\dataset\internet\clear\รายการเย็ดแม่.wav,616.0,617.1,none
C:\Users\muldi\Documents\Playground\University\senior-project-1\dataset\internet\clear\รายการเย็ดแม่.wav,617.1,618.2,none
C:\Users\muldi\Documents\Playground\University\senior-project-1\dataset\internet\clear\รายการเย็ดแม่.wav,618.2,619.3,none
C:\Users\muldi\Documents\Playground\University\senior-project-1\dataset\internet\clear\รายการเย็ดแม่.wav,619.3,620.4,none
C:\Users\muldi\Documents\Playground\University\senior-project-1\dataset\internet\clear\รายการเย็ดแม่.wav,620.4,621.5,none
C:\Users\muldi\Documents\Playground\University\senior-project-1\dataset\internet\clear\รายการเย็ดแม่.wav,621.5,622.6,none
C:\Users\muldi\Documents\Playground\University\senior-project-1\dataset\internet\clear\รายการเย็ดแม่.wav,622.6,623.7,none
C:\Users\muldi\Documents\Playground\University\senior-project-1\dataset\internet\clear\รายการเย็ดแม่.wav,623.7,624.8,none
C:\Users\muldi\Documents\Playground\University\senior-project-1\dataset\internet\clear\รายการเย็ดแม่.wav,624.8,625.9,none
C:\Users\muldi\Documents\Playground\University\senior-project-1\dataset\internet\clear\รายการเย็ดแม่.wav,625.9,627.0,none
C:\Users\muldi\Documents\Playground\University\senior-project-1\dataset\internet\clear\รายการเย็ดแม่.wav,627.0,628.1,none
C:\Users\muldi\Documents\Playground\University\senior-project-1\dataset\internet\clear\รายการเย็ดแม่.wav,628.1,629.2,none
C:\Users\muldi\Documents\Playground\University\senior-project-1\dataset\internet\clear\รายการเย็ดแม่.wav,629.2,630.3,none
C:\Users\muldi\Documents\Playground\University\senior-project-1\dataset\internet\clear\รายการเย็ดแม่.wav,630.3,631.4,none
C:\Users\muldi\Documents\Playground\University\senior-project-1\dataset\internet\clear\รายการเย็ดแม่.wav,631.4,632.5,none
C:\Users\muldi\Documents\Playground\University\senior-project-1\dataset\internet\clear\รายการเย็ดแม่.wav,632.5,633.6,none
C:\Users\muldi\Documents\Playground\University\senior-project-1\dataset\internet\clear\รายการเย็ดแม่.wav,633.6,634.7,none
C:\Users\muldi\Documents\Playground\University\senior-project-1\dataset\internet\clear\รายการเย็ดแม่.wav,634.7,635.8,none
C:\Users\muldi\Documents\Playground\University\senior-project-1\dataset\internet\clear\รายการเย็ดแม่.wav,635.8,636.9,none
C:\Users\muldi\Documents\Playground\University\senior-project-1\dataset\internet\clear\รายการเย็ดแม่.wav,636.9,638.0,none
C:\Users\muldi\Documents\Playground\University\senior-project-1\dataset\internet\clear\รายการเย็ดแม่.wav,638.0,639.1,none
C:\Users\muldi\Documents\Playground\University\senior-project-1\dataset\internet\clear\รายการเย็ดแม่.wav,639.1,640.2,none
C:\Users\muldi\Documents\Playground\University\senior-project-1\dataset\internet\clear\รายการเย็ดแม่.wav,640.2,641.3,none
C:\Users\muldi\Documents\Playground\University\senior-project-1\dataset\internet\clear\รายการเย็ดแม่.wav,641.3,642.4,none
C:\Users\muldi\Documents\Playground\University\senior-project-1\dataset\internet\clear\รายการเย็ดแม่.wav,642.4,643.5,none
C:\Users\muldi\Documents\Playground\University\senior-project-1\dataset\internet\clear\รายการเย็ดแม่.wav,643.5,644.6,เหี้ย
C:\Users\muldi\Documents\Playground\University\senior-project-1\dataset\internet\clear\รายการเย็ดแม่.wav,644.6,645.7,none
C:\Users\muldi\Documents\Playground\University\senior-project-1\dataset\internet\clear\รายการเย็ดแม่.wav,645.7,646.8,none
C:\Users\muldi\Documents\Playground\University\senior-project-1\dataset\internet\clear\รายการเย็ดแม่.wav,646.8,647.9,none
C:\Users\muldi\Documents\Playground\University\senior-project-1\dataset\internet\clear\รายการเย็ดแม่.wav,647.9,649.0,none
C:\Users\muldi\Documents\Playground\University\senior-project-1\dataset\internet\clear\รายการเย็ดแม่.wav,649.0,650.1,none
C:\Users\muldi\Documents\Playground\University\senior-project-1\dataset\internet\clear\รายการเย็ดแม่.wav,650.1,651.2,กู
C:\Users\muldi\Documents\Playground\University\senior-project-1\dataset\internet\clear\รายการเย็ดแม่.wav,651.2,652.3,กู
C:\Users\muldi\Documents\Playground\University\senior-project-1\dataset\internet\clear\รายการเย็ดแม่.wav,652.3,653.4,เหี้ย
C:\Users\muldi\Documents\Playground\University\senior-project-1\dataset\internet\clear\รายการเย็ดแม่.wav,653.4,654.5,none
C:\Users\muldi\Documents\Playground\University\senior-project-1\dataset\internet\clear\รายการเย็ดแม่.wav,654.5,655.6,none
C:\Users\muldi\Documents\Playground\University\senior-project-1\dataset\internet\clear\รายการเย็ดแม่.wav,655.6,656.7,none
C:\Users\muldi\Documents\Playground\University\senior-project-1\dataset\internet\clear\รายการเย็ดแม่.wav,656.7,657.8,เหี้ย
C:\Users\muldi\Documents\Playground\University\senior-project-1\dataset\internet\clear\รายการเย็ดแม่.wav,657.8,658.9,none
C:\Users\muldi\Documents\Playground\University\senior-project-1\dataset\internet\clear\รายการเย็ดแม่.wav,658.9,660.0,เหี้ย
C:\Users\muldi\Documents\Playground\University\senior-project-1\dataset\internet\clear\รายการเย็ดแม่.wav,660.0,661.1,none
C:\Users\muldi\Documents\Playground\University\senior-project-1\dataset\internet\clear\รายการเย็ดแม่.wav,661.1,662.2,none
C:\Users\muldi\Documents\Playground\University\senior-project-1\dataset\internet\clear\รายการเย็ดแม่.wav,662.2,663.3,none
C:\Users\muldi\Documents\Playground\University\senior-project-1\dataset\internet\clear\รายการเย็ดแม่.wav,663.3,664.4,none
C:\Users\muldi\Documents\Playground\University\senior-project-1\dataset\internet\clear\รายการเย็ดแม่.wav,664.4,665.5,none
C:\Users\muldi\Documents\Playground\University\senior-project-1\dataset\internet\clear\รายการเย็ดแม่.wav,665.5,666.6,none
C:\Users\muldi\Documents\Playground\University\senior-project-1\dataset\internet\clear\รายการเย็ดแม่.wav,666.6,667.7,none
C:\Users\muldi\Documents\Playground\University\senior-project-1\dataset\internet\clear\รายการเย็ดแม่.wav,667.7,668.8,none
C:\Users\muldi\Documents\Playground\University\senior-project-1\dataset\internet\clear\รายการเย็ดแม่.wav,668.8,669.9,none
C:\Users\muldi\Documents\Playground\University\senior-project-1\dataset\internet\clear\รายการเย็ดแม่.wav,669.9,671.0,เหี้ย
C:\Users\muldi\Documents\Playground\University\senior-project-1\dataset\internet\clear\รายการเย็ดแม่.wav,671.0,672.1,none
C:\Users\muldi\Documents\Playground\University\senior-project-1\dataset\internet\clear\รายการเย็ดแม่.wav,672.1,673.2,none
C:\Users\muldi\Documents\Playground\University\senior-project-1\dataset\internet\clear\รายการเย็ดแม่.wav,673.2,674.3,none
C:\Users\muldi\Documents\Playground\University\senior-project-1\dataset\internet\clear\รายการเย็ดแม่.wav,674.3,675.4,เหี้ย
C:\Users\muldi\Documents\Playground\University\senior-project-1\dataset\internet\clear\รายการเย็ดแม่.wav,675.4,676.5,none
C:\Users\muldi\Documents\Playground\University\senior-project-1\dataset\internet\clear\รายการเย็ดแม่.wav,676.5,677.6,none
C:\Users\muldi\Documents\Playground\University\senior-project-1\dataset\internet\clear\รายการเย็ดแม่.wav,677.6,678.7,none
C:\Users\muldi\Documents\Playground\University\senior-project-1\dataset\internet\clear\รายการเย็ดแม่.wav,678.7,679.8,none
C:\Users\muldi\Documents\Playground\University\senior-project-1\dataset\internet\clear\รายการเย็ดแม่.wav,679.8,680.9,none
C:\Users\muldi\Documents\Playground\University\senior-project-1\dataset\internet\clear\รายการเย็ดแม่.wav,680.9,682.0,none
C:\Users\muldi\Documents\Playground\University\senior-project-1\dataset\internet\clear\รายการเย็ดแม่.wav,682.0,683.1,none
C:\Users\muldi\Documents\Playground\University\senior-project-1\dataset\internet\clear\รายการเย็ดแม่.wav,683.1,684.2,none
C:\Users\muldi\Documents\Playground\University\senior-project-1\dataset\internet\clear\รายการเย็ดแม่.wav,684.2,685.3,none
C:\Users\muldi\Documents\Playground\University\senior-project-1\dataset\internet\clear\รายการเย็ดแม่.wav,685.3,686.4,none
C:\Users\muldi\Documents\Playground\University\senior-project-1\dataset\internet\clear\รายการเย็ดแม่.wav,686.4,687.5,none
C:\Users\muldi\Documents\Playground\University\senior-project-1\dataset\internet\clear\รายการเย็ดแม่.wav,687.5,688.6,none
C:\Users\muldi\Documents\Playground\University\senior-project-1\dataset\internet\clear\รายการเย็ดแม่.wav,688.6,689.7,none
C:\Users\muldi\Documents\Playground\University\senior-project-1\dataset\internet\clear\รายการเย็ดแม่.wav,689.7,690.8,none
C:\Users\muldi\Documents\Playground\University\senior-project-1\dataset\internet\clear\รายการเย็ดแม่.wav,690.8,691.9,none
C:\Users\muldi\Documents\Playground\University\senior-project-1\dataset\internet\clear\รายการเย็ดแม่.wav,691.9,693.0,none
C:\Users\muldi\Documents\Playground\University\senior-project-1\dataset\internet\clear\รายการเย็ดแม่.wav,693.0,694.1,none
C:\Users\muldi\Documents\Playground\University\senior-project-1\dataset\internet\clear\รายการเย็ดแม่.wav,694.1,695.2,none
C:\Users\muldi\Documents\Playground\University\senior-project-1\dataset\internet\clear\รายการเย็ดแม่.wav,695.2,696.3,none
C:\Users\muldi\Documents\Playground\University\senior-project-1\dataset\internet\clear\รายการเย็ดแม่.wav,696.3,697.4,none
C:\Users\muldi\Documents\Playground\University\senior-project-1\dataset\internet\clear\รายการเย็ดแม่.wav,697.4,698.5,none
C:\Users\muldi\Documents\Playground\University\senior-project-1\dataset\internet\clear\รายการเย็ดแม่.wav,698.5,699.6,none
C:\Users\muldi\Documents\Playground\University\senior-project-1\dataset\internet\clear\รายการเย็ดแม่.wav,699.6,700.7,none
C:\Users\muldi\Documents\Playground\University\senior-project-1\dataset\internet\clear\รายการเย็ดแม่.wav,700.7,701.8,none
C:\Users\muldi\Documents\Playground\University\senior-project-1\dataset\internet\clear\รายการเย็ดแม่.wav,701.8,702.9,เหี้ย
C:\Users\muldi\Documents\Playground\University\senior-project-1\dataset\internet\clear\รายการเย็ดแม่.wav,702.9,704.0,none
C:\Users\muldi\Documents\Playground\University\senior-project-1\dataset\internet\clear\รายการเย็ดแม่.wav,704.0,705.1,none
C:\Users\muldi\Documents\Playground\University\senior-project-1\dataset\internet\clear\รายการเย็ดแม่.wav,705.1,706.2,none
C:\Users\muldi\Documents\Playground\University\senior-project-1\dataset\internet\clear\รายการเย็ดแม่.wav,706.2,707.3,none
C:\Users\muldi\Documents\Playground\University\senior-project-1\dataset\internet\clear\รายการเย็ดแม่.wav,707.3,708.4,none
C:\Users\muldi\Documents\Playground\University\senior-project-1\dataset\internet\clear\รายการเย็ดแม่.wav,708.4,709.5,none
C:\Users\muldi\Documents\Playground\University\senior-project-1\dataset\internet\clear\รายการเย็ดแม่.wav,709.5,710.6,none
C:\Users\muldi\Documents\Playground\University\senior-project-1\dataset\internet\clear\รายการเย็ดแม่.wav,710.6,711.7,none
C:\Users\muldi\Documents\Playground\University\senior-project-1\dataset\internet\clear\รายการเย็ดแม่.wav,711.7,712.8,none
C:\Users\muldi\Documents\Playground\University\senior-project-1\dataset\internet\clear\รายการเย็ดแม่.wav,712.8,713.9,กู
C:\Users\muldi\Documents\Playground\University\senior-project-1\dataset\internet\clear\รายการเย็ดแม่.wav,713.9,715.0,none
C:\Users\muldi\Documents\Playground\University\senior-project-1\dataset\internet\clear\รายการเย็ดแม่.wav,715.0,716.1,none
C:\Users\muldi\Documents\Playground\University\senior-project-1\dataset\internet\clear\รายการเย็ดแม่.wav,716.1,717.2,none
C:\Users\muldi\Documents\Playground\University\senior-project-1\dataset\internet\clear\รายการเย็ดแม่.wav,717.2,718.3,none
C:\Users\muldi\Documents\Playground\University\senior-project-1\dataset\internet\clear\รายการเย็ดแม่.wav,718.3,719.4,none
C:\Users\muldi\Documents\Playground\University\senior-project-1\dataset\internet\clear\รายการเย็ดแม่.wav,719.4,720.5,none
C:\Users\muldi\Documents\Playground\University\senior-project-1\dataset\internet\clear\รายการเย็ดแม่.wav,720.5,721.6,none
C:\Users\muldi\Documents\Playground\University\senior-project-1\dataset\internet\clear\รายการเย็ดแม่.wav,721.6,722.7,none
C:\Users\muldi\Documents\Playground\University\senior-project-1\dataset\internet\clear\รายการเย็ดแม่.wav,722.7,723.8,none
C:\Users\muldi\Documents\Playground\University\senior-project-1\dataset\internet\clear\รายการเย็ดแม่.wav,723.8,724.9,none
C:\Users\muldi\Documents\Playground\University\senior-project-1\dataset\internet\clear\รายการเย็ดแม่.wav,724.9,726.0,none
C:\Users\muldi\Documents\Playground\University\senior-project-1\dataset\internet\clear\รายการเย็ดแม่.wav,726.0,727.1,none
C:\Users\muldi\Documents\Playground\University\senior-project-1\dataset\internet\clear\รายการเย็ดแม่.wav,727.1,728.2,none
C:\Users\muldi\Documents\Playground\University\senior-project-1\dataset\internet\clear\รายการเย็ดแม่.wav,728.2,729.3,none
C:\Users\muldi\Documents\Playground\University\senior-project-1\dataset\internet\clear\รายการเย็ดแม่.wav,729.3,730.4,none
C:\Users\muldi\Documents\Playground\University\senior-project-1\dataset\internet\clear\รายการเย็ดแม่.wav,730.4,731.5,none
C:\Users\muldi\Documents\Playground\University\senior-project-1\dataset\internet\clear\รายการเย็ดแม่.wav,731.5,732.6,none
C:\Users\muldi\Documents\Playground\University\senior-project-1\dataset\internet\clear\รายการเย็ดแม่.wav,732.6,733.7,none
C:\Users\muldi\Documents\Playground\University\senior-project-1\dataset\internet\clear\รายการเย็ดแม่.wav,733.7,734.8,none
C:\Users\muldi\Documents\Playground\University\senior-project-1\dataset\internet\clear\รายการเย็ดแม่.wav,734.8,735.9,none
C:\Users\muldi\Documents\Playground\University\senior-project-1\dataset\internet\clear\รายการเย็ดแม่.wav,735.9,737.0,none
C:\Users\muldi\Documents\Playground\University\senior-project-1\dataset\internet\clear\รายการเย็ดแม่.wav,737.0,738.1,none
C:\Users\muldi\Documents\Playground\University\senior-project-1\dataset\internet\clear\รายการเย็ดแม่.wav,738.1,739.2,none
C:\Users\muldi\Documents\Playground\University\senior-project-1\dataset\internet\clear\รายการเย็ดแม่.wav,739.2,740.3,none
C:\Users\muldi\Documents\Playground\University\senior-project-1\dataset\internet\clear\รายการเย็ดแม่.wav,740.3,741.4,none
C:\Users\muldi\Documents\Playground\University\senior-project-1\dataset\internet\clear\รายการเย็ดแม่.wav,741.4,742.5,none
C:\Users\muldi\Documents\Playground\University\senior-project-1\dataset\internet\clear\รายการเย็ดแม่.wav,742.5,743.6,none
C:\Users\muldi\Documents\Playground\University\senior-project-1\dataset\internet\clear\รายการเย็ดแม่.wav,743.6,744.7,none
C:\Users\muldi\Documents\Playground\University\senior-project-1\dataset\internet\clear\รายการเย็ดแม่.wav,744.7,745.8,กู
C:\Users\muldi\Documents\Playground\University\senior-project-1\dataset\internet\clear\รายการเย็ดแม่.wav,745.8,746.9,none
C:\Users\muldi\Documents\Playground\University\senior-project-1\dataset\internet\clear\รายการเย็ดแม่.wav,746.9,748.0,กู
C:\Users\muldi\Documents\Playground\University\senior-project-1\dataset\internet\clear\รายการเย็ดแม่.wav,748.0,749.1,กู
C:\Users\muldi\Documents\Playground\University\senior-project-1\dataset\internet\clear\รายการเย็ดแม่.wav,749.1,750.2,กู
C:\Users\muldi\Documents\Playground\University\senior-project-1\dataset\internet\clear\รายการเย็ดแม่.wav,750.2,751.3,none
C:\Users\muldi\Documents\Playground\University\senior-project-1\dataset\internet\clear\รายการเย็ดแม่.wav,751.3,752.4,none
C:\Users\muldi\Documents\Playground\University\senior-project-1\dataset\internet\clear\รายการเย็ดแม่.wav,752.4,753.5,เหี้ย
C:\Users\muldi\Documents\Playground\University\senior-project-1\dataset\internet\clear\รายการเย็ดแม่.wav,753.5,754.6,none
C:\Users\muldi\Documents\Playground\University\senior-project-1\dataset\internet\clear\รายการเย็ดแม่.wav,754.6,755.7,none
C:\Users\muldi\Documents\Playground\University\senior-project-1\dataset\internet\clear\รายการเย็ดแม่.wav,755.7,756.8,none
C:\Users\muldi\Documents\Playground\University\senior-project-1\dataset\internet\clear\รายการเย็ดแม่.wav,756.8,757.9,none
C:\Users\muldi\Documents\Playground\University\senior-project-1\dataset\internet\clear\รายการเย็ดแม่.wav,757.9,759.0,none
C:\Users\muldi\Documents\Playground\University\senior-project-1\dataset\internet\clear\รายการเย็ดแม่.wav,759.0,760.1,none
C:\Users\muldi\Documents\Playground\University\senior-project-1\dataset\internet\clear\รายการเย็ดแม่.wav,760.1,761.2,none
C:\Users\muldi\Documents\Playground\University\senior-project-1\dataset\internet\clear\รายการเย็ดแม่.wav,761.2,762.3,none
C:\Users\muldi\Documents\Playground\University\senior-project-1\dataset\internet\clear\รายการเย็ดแม่.wav,762.3,763.4,none
C:\Users\muldi\Documents\Playground\University\senior-project-1\dataset\internet\clear\รายการเย็ดแม่.wav,763.4,764.5,none
C:\Users\muldi\Documents\Playground\University\senior-project-1\dataset\internet\clear\รายการเย็ดแม่.wav,764.5,765.6,none
C:\Users\muldi\Documents\Playground\University\senior-project-1\dataset\internet\clear\รายการเย็ดแม่.wav,765.6,766.7,none
C:\Users\muldi\Documents\Playground\University\senior-project-1\dataset\internet\clear\รายการเย็ดแม่.wav,766.7,767.8,none
C:\Users\muldi\Documents\Playground\University\senior-project-1\dataset\internet\clear\รายการเย็ดแม่.wav,767.8,768.9,none
C:\Users\muldi\Documents\Playground\University\senior-project-1\dataset\internet\clear\รายการเย็ดแม่.wav,768.9,770.0,none
C:\Users\muldi\Documents\Playground\University\senior-project-1\dataset\internet\clear\รายการเย็ดแม่.wav,770.0,771.1,none
C:\Users\muldi\Documents\Playground\University\senior-project-1\dataset\internet\clear\รายการเย็ดแม่.wav,771.1,772.2,none
C:\Users\muldi\Documents\Playground\University\senior-project-1\dataset\internet\clear\รายการเย็ดแม่.wav,772.2,773.3,none
C:\Users\muldi\Documents\Playground\University\senior-project-1\dataset\internet\clear\รายการเย็ดแม่.wav,773.3,774.4,กู
C:\Users\muldi\Documents\Playground\University\senior-project-1\dataset\internet\clear\รายการเย็ดแม่.wav,774.4,775.5,none
C:\Users\muldi\Documents\Playground\University\senior-project-1\dataset\internet\clear\รายการเย็ดแม่.wav,775.5,776.6,none
C:\Users\muldi\Documents\Playground\University\senior-project-1\dataset\internet\clear\รายการเย็ดแม่.wav,776.6,777.7,none
C:\Users\muldi\Documents\Playground\University\senior-project-1\dataset\internet\clear\รายการเย็ดแม่.wav,777.7,778.8,none
C:\Users\muldi\Documents\Playground\University\senior-project-1\dataset\internet\clear\รายการเย็ดแม่.wav,778.8,779.9,none
C:\Users\muldi\Documents\Playground\University\senior-project-1\dataset\internet\clear\รายการเย็ดแม่.wav,779.9,781.0,none
C:\Users\muldi\Documents\Playground\University\senior-project-1\dataset\internet\clear\รายการเย็ดแม่.wav,781.0,782.1,none
C:\Users\muldi\Documents\Playground\University\senior-project-1\dataset\internet\clear\รายการเย็ดแม่.wav,782.1,783.2,none
C:\Users\muldi\Documents\Playground\University\senior-project-1\dataset\internet\clear\รายการเย็ดแม่.wav,783.2,784.3,เหี้ย
C:\Users\muldi\Documents\Playground\University\senior-project-1\dataset\internet\clear\รายการเย็ดแม่.wav,784.3,785.4,เหี้ย
C:\Users\muldi\Documents\Playground\University\senior-project-1\dataset\internet\clear\รายการเย็ดแม่.wav,785.4,786.5,none
C:\Users\muldi\Documents\Playground\University\senior-project-1\dataset\internet\clear\รายการเย็ดแม่.wav,786.5,787.6,none
C:\Users\muldi\Documents\Playground\University\senior-project-1\dataset\internet\clear\รายการเย็ดแม่.wav,787.6,788.7,none
C:\Users\muldi\Documents\Playground\University\senior-project-1\dataset\internet\clear\รายการเย็ดแม่.wav,788.7,789.8,เหี้ย
C:\Users\muldi\Documents\Playground\University\senior-project-1\dataset\internet\clear\รายการเย็ดแม่.wav,789.8,790.9,none
C:\Users\muldi\Documents\Playground\University\senior-project-1\dataset\internet\clear\รายการเย็ดแม่.wav,790.9,792.0,มึง
C:\Users\muldi\Documents\Playground\University\senior-project-1\dataset\internet\clear\รายการเย็ดแม่.wav,792.0,793.1,มึง
C:\Users\muldi\Documents\Playground\University\senior-project-1\dataset\internet\clear\รายการเย็ดแม่.wav,793.1,794.2,none
C:\Users\muldi\Documents\Playground\University\senior-project-1\dataset\internet\clear\รายการเย็ดแม่.wav,794.2,795.3,none
C:\Users\muldi\Documents\Playground\University\senior-project-1\dataset\internet\clear\รายการเย็ดแม่.wav,795.3,796.4,none
C:\Users\muldi\Documents\Playground\University\senior-project-1\dataset\internet\clear\รายการเย็ดแม่.wav,796.4,797.5,none
C:\Users\muldi\Documents\Playground\University\senior-project-1\dataset\internet\clear\รายการเย็ดแม่.wav,797.5,798.6,กู
C:\Users\muldi\Documents\Playground\University\senior-project-1\dataset\internet\clear\รายการเย็ดแม่.wav,798.6,799.7,none
C:\Users\muldi\Documents\Playground\University\senior-project-1\dataset\internet\clear\รายการเย็ดแม่.wav,799.7,800.8,none
C:\Users\muldi\Documents\Playground\University\senior-project-1\dataset\internet\clear\รายการเย็ดแม่.wav,800.8,801.9,none
C:\Users\muldi\Documents\Playground\University\senior-project-1\dataset\internet\clear\รายการเย็ดแม่.wav,801.9,803.0,none
C:\Users\muldi\Documents\Playground\University\senior-project-1\dataset\internet\clear\รายการเย็ดแม่.wav,803.0,804.1,none
C:\Users\muldi\Documents\Playground\University\senior-project-1\dataset\internet\clear\รายการเย็ดแม่.wav,804.1,805.2,none
C:\Users\muldi\Documents\Playground\University\senior-project-1\dataset\internet\clear\รายการเย็ดแม่.wav,805.2,806.3,none
C:\Users\muldi\Documents\Playground\University\senior-project-1\dataset\internet\clear\รายการเย็ดแม่.wav,806.3,807.4,none
C:\Users\muldi\Documents\Playground\University\senior-project-1\dataset\internet\clear\รายการเย็ดแม่.wav,807.4,808.5,none
C:\Users\muldi\Documents\Playground\University\senior-project-1\dataset\internet\clear\รายการเย็ดแม่.wav,808.5,809.6,none
C:\Users\muldi\Documents\Playground\University\senior-project-1\dataset\internet\clear\รายการเย็ดแม่.wav,809.6,810.7,none
C:\Users\muldi\Documents\Playground\University\senior-project-1\dataset\internet\clear\รายการเย็ดแม่.wav,810.7,811.8,none
C:\Users\muldi\Documents\Playground\University\senior-project-1\dataset\internet\clear\รายการเย็ดแม่.wav,811.8,812.9,none
C:\Users\muldi\Documents\Playground\University\senior-project-1\dataset\internet\clear\รายการเย็ดแม่.wav,812.9,814.0,none
C:\Users\muldi\Documents\Playground\University\senior-project-1\dataset\internet\clear\รายการเย็ดแม่.wav,814.0,815.1,none
C:\Users\muldi\Documents\Playground\University\senior-project-1\dataset\internet\clear\รายการเย็ดแม่.wav,815.1,816.2,เหี้ย
C:\Users\muldi\Documents\Playground\University\senior-project-1\dataset\internet\clear\รายการเย็ดแม่.wav,816.2,817.3,กู
C:\Users\muldi\Documents\Playground\University\senior-project-1\dataset\internet\clear\รายการเย็ดแม่.wav,817.3,818.4,none
C:\Users\muldi\Documents\Playground\University\senior-project-1\dataset\internet\clear\รายการเย็ดแม่.wav,818.4,819.5,กู
C:\Users\muldi\Documents\Playground\University\senior-project-1\dataset\internet\clear\รายการเย็ดแม่.wav,819.5,820.6,none
C:\Users\muldi\Documents\Playground\University\senior-project-1\dataset\internet\clear\รายการเย็ดแม่.wav,820.6,821.7,none
C:\Users\muldi\Documents\Playground\University\senior-project-1\dataset\internet\clear\รายการเย็ดแม่.wav,821.7,822.8,none
C:\Users\muldi\Documents\Playground\University\senior-project-1\dataset\internet\clear\รายการเย็ดแม่.wav,822.8,823.9,เหี้ย
C:\Users\muldi\Documents\Playground\University\senior-project-1\dataset\internet\clear\รายการเย็ดแม่.wav,823.9,825.0,none
C:\Users\muldi\Documents\Playground\University\senior-project-1\dataset\internet\clear\รายการเย็ดแม่.wav,825.0,826.1,none
C:\Users\muldi\Documents\Playground\University\senior-project-1\dataset\internet\clear\รายการเย็ดแม่.wav,826.1,827.2,none
C:\Users\muldi\Documents\Playground\University\senior-project-1\dataset\internet\clear\รายการเย็ดแม่.wav,827.2,828.3,none
C:\Users\muldi\Documents\Playground\University\senior-project-1\dataset\internet\clear\รายการเย็ดแม่.wav,828.3,829.4,none
C:\Users\muldi\Documents\Playground\University\senior-project-1\dataset\internet\clear\รายการเย็ดแม่.wav,829.4,830.5,none
C:\Users\muldi\Documents\Playground\University\senior-project-1\dataset\internet\clear\รายการเย็ดแม่.wav,830.5,831.6,none
C:\Users\muldi\Documents\Playground\University\senior-project-1\dataset\internet\clear\รายการเย็ดแม่.wav,831.6,832.7,none
C:\Users\muldi\Documents\Playground\University\senior-project-1\dataset\internet\clear\รายการเย็ดแม่.wav,832.7,833.8,none
C:\Users\muldi\Documents\Playground\University\senior-project-1\dataset\internet\clear\รายการเย็ดแม่.wav,833.8,834.9,none
C:\Users\muldi\Documents\Playground\University\senior-project-1\dataset\internet\clear\รายการเย็ดแม่.wav,834.9,836.0,none
C:\Users\muldi\Documents\Playground\University\senior-project-1\dataset\internet\clear\รายการเย็ดแม่.wav,836.0,837.1,none
C:\Users\muldi\Documents\Playground\University\senior-project-1\dataset\internet\clear\รายการเย็ดแม่.wav,837.1,838.2,none
C:\Users\muldi\Documents\Playground\University\senior-project-1\dataset\internet\clear\รายการเย็ดแม่.wav,838.2,839.3,none
C:\Users\muldi\Documents\Playground\University\senior-project-1\dataset\internet\clear\รายการเย็ดแม่.wav,839.3,840.4,none
C:\Users\muldi\Documents\Playground\University\senior-project-1\dataset\internet\clear\รายการเย็ดแม่.wav,840.4,841.5,none
C:\Users\muldi\Documents\Playground\University\senior-project-1\dataset\internet\clear\รายการเย็ดแม่.wav,841.5,842.6,none
C:\Users\muldi\Documents\Playground\University\senior-project-1\dataset\internet\clear\รายการเย็ดแม่.wav,842.6,843.7,none
C:\Users\muldi\Documents\Playground\University\senior-project-1\dataset\internet\clear\รายการเย็ดแม่.wav,843.7,844.8,none
C:\Users\muldi\Documents\Playground\University\senior-project-1\dataset\internet\clear\รายการเย็ดแม่.wav,844.8,845.9,none
C:\Users\muldi\Documents\Playground\University\senior-project-1\dataset\internet\clear\รายการเย็ดแม่.wav,845.9,847.0,none
C:\Users\muldi\Documents\Playground\University\senior-project-1\dataset\internet\clear\รายการเย็ดแม่.wav,847.0,848.1,none
C:\Users\muldi\Documents\Playground\University\senior-project-1\dataset\internet\clear\รายการเย็ดแม่.wav,848.1,849.2,none
C:\Users\muldi\Documents\Playground\University\senior-project-1\dataset\internet\clear\รายการเย็ดแม่.wav,849.2,850.3,none
C:\Users\muldi\Documents\Playground\University\senior-project-1\dataset\internet\clear\รายการเย็ดแม่.wav,850.3,851.4,none
C:\Users\muldi\Documents\Playground\University\senior-project-1\dataset\internet\clear\รายการเย็ดแม่.wav,851.4,852.5,none
C:\Users\muldi\Documents\Playground\University\senior-project-1\dataset\internet\clear\รายการเย็ดแม่.wav,852.5,853.6,none
C:\Users\muldi\Documents\Playground\University\senior-project-1\dataset\internet\clear\รายการเย็ดแม่.wav,853.6,854.7,none
C:\Users\muldi\Documents\Playground\University\senior-project-1\dataset\internet\clear\รายการเย็ดแม่.wav,854.7,855.8,none
C:\Users\muldi\Documents\Playground\University\senior-project-1\dataset\internet\clear\รายการเย็ดแม่.wav,855.8,856.9,none
C:\Users\muldi\Documents\Playground\University\senior-project-1\dataset\internet\clear\รายการเย็ดแม่.wav,856.9,858.0,none
C:\Users\muldi\Documents\Playground\University\senior-project-1\dataset\internet\clear\รายการเย็ดแม่.wav,858.0,859.1,none
C:\Users\muldi\Documents\Playground\University\senior-project-1\dataset\internet\clear\รายการเย็ดแม่.wav,859.1,860.2,none
C:\Users\muldi\Documents\Playground\University\senior-project-1\dataset\internet\clear\รายการเย็ดแม่.wav,860.2,861.3,none
C:\Users\muldi\Documents\Playground\University\senior-project-1\dataset\internet\clear\รายการเย็ดแม่.wav,861.3,862.4,none
C:\Users\muldi\Documents\Playground\University\senior-project-1\dataset\internet\clear\รายการเย็ดแม่.wav,862.4,863.5,none
C:\Users\muldi\Documents\Playground\University\senior-project-1\dataset\internet\clear\รายการเย็ดแม่.wav,863.5,864.6,none
C:\Users\muldi\Documents\Playground\University\senior-project-1\dataset\internet\clear\รายการเย็ดแม่.wav,864.6,865.7,none
C:\Users\muldi\Documents\Playground\University\senior-project-1\dataset\internet\clear\รายการเย็ดแม่.wav,865.7,866.8,none
C:\Users\muldi\Documents\Playground\University\senior-project-1\dataset\internet\clear\รายการเย็ดแม่.wav,866.8,867.9,none
C:\Users\muldi\Documents\Playground\University\senior-project-1\dataset\internet\clear\รายการเย็ดแม่.wav,867.9,869.0,none
C:\Users\muldi\Documents\Playground\University\senior-project-1\dataset\internet\clear\รายการเย็ดแม่.wav,869.0,870.1,none
C:\Users\muldi\Documents\Playground\University\senior-project-1\dataset\internet\clear\รายการเย็ดแม่.wav,870.1,871.2,none
C:\Users\muldi\Documents\Playground\University\senior-project-1\dataset\internet\clear\รายการเย็ดแม่.wav,871.2,872.3,none
C:\Users\muldi\Documents\Playground\University\senior-project-1\dataset\internet\clear\รายการเย็ดแม่.wav,872.3,873.4,none
C:\Users\muldi\Documents\Playground\University\senior-project-1\dataset\internet\clear\รายการเย็ดแม่.wav,873.4,874.5,none
C:\Users\muldi\Documents\Playground\University\senior-project-1\dataset\internet\clear\รายการเย็ดแม่.wav,874.5,875.6,none
C:\Users\muldi\Documents\Playground\University\senior-project-1\dataset\internet\clear\รายการเย็ดแม่.wav,875.6,876.7,none
C:\Users\muldi\Documents\Playground\University\senior-project-1\dataset\internet\clear\รายการเย็ดแม่.wav,876.7,877.8,กู
C:\Users\muldi\Documents\Playground\University\senior-project-1\dataset\internet\clear\รายการเย็ดแม่.wav,877.8,878.9,none
C:\Users\muldi\Documents\Playground\University\senior-project-1\dataset\internet\clear\รายการเย็ดแม่.wav,878.9,880.0,กู
C:\Users\muldi\Documents\Playground\University\senior-project-1\dataset\internet\clear\รายการเย็ดแม่.wav,880.0,881.1,none
C:\Users\muldi\Documents\Playground\University\senior-project-1\dataset\internet\clear\รายการเย็ดแม่.wav,881.1,882.2,none
C:\Users\muldi\Documents\Playground\University\senior-project-1\dataset\internet\clear\รายการเย็ดแม่.wav,882.2,883.3,none
C:\Users\muldi\Documents\Playground\University\senior-project-1\dataset\internet\clear\รายการเย็ดแม่.wav,883.3,884.4,none
C:\Users\muldi\Documents\Playground\University\senior-project-1\dataset\internet\clear\รายการเย็ดแม่.wav,884.4,885.5,none
C:\Users\muldi\Documents\Playground\University\senior-project-1\dataset\internet\clear\รายการเย็ดแม่.wav,885.5,886.6,none
C:\Users\muldi\Documents\Playground\University\senior-project-1\dataset\internet\clear\รายการเย็ดแม่.wav,886.6,887.7,none
C:\Users\muldi\Documents\Playground\University\senior-project-1\dataset\internet\clear\รายการเย็ดแม่.wav,887.7,888.8,none
C:\Users\muldi\Documents\Playground\University\senior-project-1\dataset\internet\clear\รายการเย็ดแม่.wav,888.8,889.9,none
C:\Users\muldi\Documents\Playground\University\senior-project-1\dataset\internet\clear\รายการเย็ดแม่.wav,889.9,891.0,none
C:\Users\muldi\Documents\Playground\University\senior-project-1\dataset\internet\clear\รายการเย็ดแม่.wav,891.0,892.1,none
C:\Users\muldi\Documents\Playground\University\senior-project-1\dataset\internet\clear\รายการเย็ดแม่.wav,892.1,893.2,none
C:\Users\muldi\Documents\Playground\University\senior-project-1\dataset\internet\clear\รายการเย็ดแม่.wav,893.2,894.3,none
C:\Users\muldi\Documents\Playground\University\senior-project-1\dataset\internet\clear\รายการเย็ดแม่.wav,894.3,895.4,none
C:\Users\muldi\Documents\Playground\University\senior-project-1\dataset\internet\clear\รายการเย็ดแม่.wav,895.4,896.5,none
C:\Users\muldi\Documents\Playground\University\senior-project-1\dataset\internet\clear\รายการเย็ดแม่.wav,896.5,897.6,none
C:\Users\muldi\Documents\Playground\University\senior-project-1\dataset\internet\clear\รายการเย็ดแม่.wav,897.6,898.7,none
C:\Users\muldi\Documents\Playground\University\senior-project-1\dataset\internet\clear\รายการเย็ดแม่.wav,898.7,899.8,none
C:\Users\muldi\Documents\Playground\University\senior-project-1\dataset\internet\clear\รายการเย็ดแม่.wav,899.8,900.9,none
C:\Users\muldi\Documents\Playground\University\senior-project-1\dataset\internet\clear\รายการเย็ดแม่.wav,900.9,902.0,none
C:\Users\muldi\Documents\Playground\University\senior-project-1\dataset\internet\clear\รายการเย็ดแม่.wav,902.0,903.1,none
C:\Users\muldi\Documents\Playground\University\senior-project-1\dataset\internet\clear\รายการเย็ดแม่.wav,903.1,904.2,none
C:\Users\muldi\Documents\Playground\University\senior-project-1\dataset\internet\clear\รายการเย็ดแม่.wav,904.2,905.3,none
C:\Users\muldi\Documents\Playground\University\senior-project-1\dataset\internet\clear\รายการเย็ดแม่.wav,905.3,906.4,none
C:\Users\muldi\Documents\Playground\University\senior-project-1\dataset\internet\clear\รายการเย็ดแม่.wav,906.4,907.5,none
C:\Users\muldi\Documents\Playground\University\senior-project-1\dataset\internet\clear\รายการเย็ดแม่.wav,907.5,908.6,none
C:\Users\muldi\Documents\Playground\University\senior-project-1\dataset\internet\clear\รายการเย็ดแม่.wav,908.6,909.7,none
C:\Users\muldi\Documents\Playground\University\senior-project-1\dataset\internet\clear\รายการเย็ดแม่.wav,909.7,910.8,none
C:\Users\muldi\Documents\Playground\University\senior-project-1\dataset\internet\clear\รายการเย็ดแม่.wav,910.8,911.9,none
C:\Users\muldi\Documents\Playground\University\senior-project-1\dataset\internet\clear\รายการเย็ดแม่.wav,911.9,913.0,none
C:\Users\muldi\Documents\Playground\University\senior-project-1\dataset\internet\clear\รายการเย็ดแม่.wav,913.0,914.1,none
C:\Users\muldi\Documents\Playground\University\senior-project-1\dataset\internet\clear\รายการเย็ดแม่.wav,914.1,915.2,none
C:\Users\muldi\Documents\Playground\University\senior-project-1\dataset\internet\clear\รายการเย็ดแม่.wav,915.2,916.3,none
C:\Users\muldi\Documents\Playground\University\senior-project-1\dataset\internet\clear\รายการเย็ดแม่.wav,916.3,917.4,none
C:\Users\muldi\Documents\Playground\University\senior-project-1\dataset\internet\clear\รายการเย็ดแม่.wav,917.4,918.5,none
C:\Users\muldi\Documents\Playground\University\senior-project-1\dataset\internet\clear\รายการเย็ดแม่.wav,918.5,919.6,none
C:\Users\muldi\Documents\Playground\University\senior-project-1\dataset\internet\clear\รายการเย็ดแม่.wav,919.6,920.7,none
C:\Users\muldi\Documents\Playground\University\senior-project-1\dataset\internet\clear\รายการเย็ดแม่.wav,920.7,921.8,none
C:\Users\muldi\Documents\Playground\University\senior-project-1\dataset\internet\clear\รายการเย็ดแม่.wav,921.8,922.9,none
C:\Users\muldi\Documents\Playground\University\senior-project-1\dataset\internet\clear\รายการเย็ดแม่.wav,922.9,924.0,none
C:\Users\muldi\Documents\Playground\University\senior-project-1\dataset\internet\clear\รายการเย็ดแม่.wav,924.0,925.1,none
C:\Users\muldi\Documents\Playground\University\senior-project-1\dataset\internet\clear\รายการเย็ดแม่.wav,925.1,926.2,none
C:\Users\muldi\Documents\Playground\University\senior-project-1\dataset\internet\clear\รายการเย็ดแม่.wav,926.2,927.3,none
C:\Users\muldi\Documents\Playground\University\senior-project-1\dataset\internet\clear\รายการเย็ดแม่.wav,927.3,928.4,none
C:\Users\muldi\Documents\Playground\University\senior-project-1\dataset\internet\clear\รายการเย็ดแม่.wav,928.4,929.5,none
C:\Users\muldi\Documents\Playground\University\senior-project-1\dataset\internet\clear\รายการเย็ดแม่.wav,929.5,930.6,none
C:\Users\muldi\Documents\Playground\University\senior-project-1\dataset\internet\clear\รายการเย็ดแม่.wav,930.6,931.7,none
C:\Users\muldi\Documents\Playground\University\senior-project-1\dataset\internet\clear\รายการเย็ดแม่.wav,931.7,932.8,none
C:\Users\muldi\Documents\Playground\University\senior-project-1\dataset\internet\clear\รายการเย็ดแม่.wav,932.8,933.9,none
C:\Users\muldi\Documents\Playground\University\senior-project-1\dataset\internet\clear\รายการเย็ดแม่.wav,933.9,935.0,เย็ด
C:\Users\muldi\Documents\Playground\University\senior-project-1\dataset\internet\clear\รายการเย็ดแม่.wav,935.0,936.1,none
C:\Users\muldi\Documents\Playground\University\senior-project-1\dataset\internet\clear\รายการเย็ดแม่.wav,936.1,937.2,none
C:\Users\muldi\Documents\Playground\University\senior-project-1\dataset\internet\clear\รายการเย็ดแม่.wav,937.2,938.3,none
C:\Users\muldi\Documents\Playground\University\senior-project-1\dataset\internet\clear\รายการเย็ดแม่.wav,938.3,939.4,none
C:\Users\muldi\Documents\Playground\University\senior-project-1\dataset\internet\clear\รายการเย็ดแม่.wav,939.4,940.5,none
C:\Users\muldi\Documents\Playground\University\senior-project-1\dataset\internet\clear\รายการเย็ดแม่.wav,940.5,941.6,none
C:\Users\muldi\Documents\Playground\University\senior-project-1\dataset\internet\clear\รายการเย็ดแม่.wav,941.6,942.7,none
C:\Users\muldi\Documents\Playground\University\senior-project-1\dataset\internet\clear\รายการเย็ดแม่.wav,942.7,943.8,none
C:\Users\muldi\Documents\Playground\University\senior-project-1\dataset\internet\clear\รายการเย็ดแม่.wav,943.8,944.9,กู
C:\Users\muldi\Documents\Playground\University\senior-project-1\dataset\internet\clear\รายการเย็ดแม่.wav,944.9,946.0,none
C:\Users\muldi\Documents\Playground\University\senior-project-1\dataset\internet\clear\รายการเย็ดแม่.wav,946.0,947.1,none
C:\Users\muldi\Documents\Playground\University\senior-project-1\dataset\internet\clear\รายการเย็ดแม่.wav,947.1,948.2,none
C:\Users\muldi\Documents\Playground\University\senior-project-1\dataset\internet\clear\รายการเย็ดแม่.wav,948.2,949.3,none
C:\Users\muldi\Documents\Playground\University\senior-project-1\dataset\internet\clear\รายการเย็ดแม่.wav,949.3,950.4,none
C:\Users\muldi\Documents\Playground\University\senior-project-1\dataset\internet\clear\รายการเย็ดแม่.wav,950.4,951.5,none
C:\Users\muldi\Documents\Playground\University\senior-project-1\dataset\internet\clear\รายการเย็ดแม่.wav,951.5,952.6,เย็ด
C:\Users\muldi\Documents\Playground\University\senior-project-1\dataset\internet\clear\รายการเย็ดแม่.wav,952.6,953.7,none
C:\Users\muldi\Documents\Playground\University\senior-project-1\dataset\internet\clear\รายการเย็ดแม่.wav,953.7,954.8,none
C:\Users\muldi\Documents\Playground\University\senior-project-1\dataset\internet\clear\รายการเย็ดแม่.wav,954.8,955.9,none
C:\Users\muldi\Documents\Playground\University\senior-project-1\dataset\internet\clear\รายการเย็ดแม่.wav,955.9,957.0,กู
C:\Users\muldi\Documents\Playground\University\senior-project-1\dataset\internet\clear\รายการเย็ดแม่.wav,957.0,958.1,none
C:\Users\muldi\Documents\Playground\University\senior-project-1\dataset\internet\clear\รายการเย็ดแม่.wav,958.1,959.2,none
C:\Users\muldi\Documents\Playground\University\senior-project-1\dataset\internet\clear\รายการเย็ดแม่.wav,959.2,960.3,none
C:\Users\muldi\Documents\Playground\University\senior-project-1\dataset\internet\clear\รายการเย็ดแม่.wav,960.3,961.4,กู
C:\Users\muldi\Documents\Playground\University\senior-project-1\dataset\internet\clear\รายการเย็ดแม่.wav,961.4,962.5,none
C:\Users\muldi\Documents\Playground\University\senior-project-1\dataset\internet\clear\รายการเย็ดแม่.wav,962.5,963.6,none
C:\Users\muldi\Documents\Playground\University\senior-project-1\dataset\internet\clear\รายการเย็ดแม่.wav,963.6,964.7,none
C:\Users\muldi\Documents\Playground\University\senior-project-1\dataset\internet\clear\รายการเย็ดแม่.wav,964.7,965.8,none
C:\Users\muldi\Documents\Playground\University\senior-project-1\dataset\internet\clear\รายการเย็ดแม่.wav,965.8,966.9,none
C:\Users\muldi\Documents\Playground\University\senior-project-1\dataset\internet\clear\ลิ้นจระเข้ กินอะไรก็อร่อย.wav,0.0,1.1,none
C:\Users\muldi\Documents\Playground\University\senior-project-1\dataset\internet\clear\ลิ้นจระเข้ กินอะไรก็อร่อย.wav,1.1,2.2,none
C:\Users\muldi\Documents\Playground\University\senior-project-1\dataset\internet\clear\ลิ้นจระเข้ กินอะไรก็อร่อย.wav,2.2,3.3,กู
C:\Users\muldi\Documents\Playground\University\senior-project-1\dataset\internet\clear\ลิ้นจระเข้ กินอะไรก็อร่อย.wav,3.3,4.4,none
C:\Users\muldi\Documents\Playground\University\senior-project-1\dataset\internet\clear\ลิ้นจระเข้ กินอะไรก็อร่อย.wav,4.4,5.5,none
C:\Users\muldi\Documents\Playground\University\senior-project-1\dataset\internet\clear\ลิ้นจระเข้ กินอะไรก็อร่อย.wav,5.5,6.6,กู
C:\Users\muldi\Documents\Playground\University\senior-project-1\dataset\internet\clear\ลิ้นจระเข้ กินอะไรก็อร่อย.wav,6.6,7.7,none
C:\Users\muldi\Documents\Playground\University\senior-project-1\dataset\internet\clear\ลิ้นจระเข้ กินอะไรก็อร่อย.wav,7.7,8.8,none
C:\Users\muldi\Documents\Playground\University\senior-project-1\dataset\internet\clear\ลิ้นจระเข้ กินอะไรก็อร่อย.wav,8.8,9.9,none
C:\Users\muldi\Documents\Playground\University\senior-project-1\dataset\internet\clear\ลิ้นจระเข้ กินอะไรก็อร่อย.wav,9.9,11.0,none
C:\Users\muldi\Documents\Playground\University\senior-project-1\dataset\internet\clear\ลิ้นจระเข้ กินอะไรก็อร่อย.wav,11.0,12.1,none
C:\Users\muldi\Documents\Playground\University\senior-project-1\dataset\internet\clear\ลิ้นจระเข้ กินอะไรก็อร่อย.wav,12.1,13.2,กู
C:\Users\muldi\Documents\Playground\University\senior-project-1\dataset\internet\clear\ลิ้นจระเข้ กินอะไรก็อร่อย.wav,13.2,14.3,none
C:\Users\muldi\Documents\Playground\University\senior-project-1\dataset\internet\clear\ลิ้นจระเข้ กินอะไรก็อร่อย.wav,14.3,15.4,none
C:\Users\muldi\Documents\Playground\University\senior-project-1\dataset\internet\clear\ลิ้นจระเข้ กินอะไรก็อร่อย.wav,15.4,16.5,none
C:\Users\muldi\Documents\Playground\University\senior-project-1\dataset\internet\clear\ลิ้นจระเข้ กินอะไรก็อร่อย.wav,16.5,17.6,none
C:\Users\muldi\Documents\Playground\University\senior-project-1\dataset\internet\clear\ลิ้นจระเข้ กินอะไรก็อร่อย.wav,17.6,18.7,กู
C:\Users\muldi\Documents\Playground\University\senior-project-1\dataset\internet\clear\ลิ้นจระเข้ กินอะไรก็อร่อย.wav,18.7,19.8,กู
C:\Users\muldi\Documents\Playground\University\senior-project-1\dataset\internet\clear\ลิ้นจระเข้ กินอะไรก็อร่อย.wav,19.8,20.9,กู
C:\Users\muldi\Documents\Playground\University\senior-project-1\dataset\internet\clear\ลิ้นจระเข้ กินอะไรก็อร่อย.wav,20.9,22.0,none
C:\Users\muldi\Documents\Playground\University\senior-project-1\dataset\internet\clear\ลิ้นจระเข้ กินอะไรก็อร่อย.wav,22.0,23.1,none
C:\Users\muldi\Documents\Playground\University\senior-project-1\dataset\internet\clear\ลิ้นจระเข้ กินอะไรก็อร่อย.wav,23.1,24.2,none
C:\Users\muldi\Documents\Playground\University\senior-project-1\dataset\internet\clear\ลิ้นจระเข้ กินอะไรก็อร่อย.wav,24.2,25.3,none
C:\Users\muldi\Documents\Playground\University\senior-project-1\dataset\internet\clear\ลิ้นจระเข้ กินอะไรก็อร่อย.wav,25.3,26.4,none
C:\Users\muldi\Documents\Playground\University\senior-project-1\dataset\internet\clear\ลิ้นจระเข้ กินอะไรก็อร่อย.wav,26.4,27.5,none
C:\Users\muldi\Documents\Playground\University\senior-project-1\dataset\internet\clear\ลิ้นจระเข้ กินอะไรก็อร่อย.wav,27.5,28.6,none
C:\Users\muldi\Documents\Playground\University\senior-project-1\dataset\internet\clear\ลิ้นจระเข้ กินอะไรก็อร่อย.wav,28.6,29.7,none
C:\Users\muldi\Documents\Playground\University\senior-project-1\dataset\internet\clear\ลิ้นจระเข้ กินอะไรก็อร่อย.wav,29.7,30.8,none
C:\Users\muldi\Documents\Playground\University\senior-project-1\dataset\internet\clear\ลิ้นจระเข้ กินอะไรก็อร่อย.wav,30.8,31.9,none
C:\Users\muldi\Documents\Playground\University\senior-project-1\dataset\internet\clear\ลิ้นจระเข้ กินอะไรก็อร่อย.wav,31.9,33.0,none
C:\Users\muldi\Documents\Playground\University\senior-project-1\dataset\internet\clear\ลิ้นจระเข้ กินอะไรก็อร่อย.wav,33.0,34.1,none
C:\Users\muldi\Documents\Playground\University\senior-project-1\dataset\internet\clear\ลิ้นจระเข้ กินอะไรก็อร่อย.wav,34.1,35.2,none
C:\Users\muldi\Documents\Playground\University\senior-project-1\dataset\internet\clear\ลิ้นจระเข้ กินอะไรก็อร่อย.wav,35.2,36.3,none
C:\Users\muldi\Documents\Playground\University\senior-project-1\dataset\internet\clear\ลิ้นจระเข้ กินอะไรก็อร่อย.wav,36.3,37.4,none
C:\Users\muldi\Documents\Playground\University\senior-project-1\dataset\internet\clear\ลิ้นจระเข้ กินอะไรก็อร่อย.wav,37.4,38.5,none
C:\Users\muldi\Documents\Playground\University\senior-project-1\dataset\internet\clear\ลิ้นจระเข้ กินอะไรก็อร่อย.wav,38.5,39.6,none
C:\Users\muldi\Documents\Playground\University\senior-project-1\dataset\internet\clear\ลิ้นจระเข้ กินอะไรก็อร่อย.wav,39.6,40.7,กู
C:\Users\muldi\Documents\Playground\University\senior-project-1\dataset\internet\clear\ลิ้นจระเข้ กินอะไรก็อร่อย.wav,40.7,41.8,มึง
C:\Users\muldi\Documents\Playground\University\senior-project-1\dataset\internet\clear\ลิ้นจระเข้ กินอะไรก็อร่อย.wav,41.8,42.9,none
C:\Users\muldi\Documents\Playground\University\senior-project-1\dataset\internet\clear\ลิ้นจระเข้ กินอะไรก็อร่อย.wav,42.9,44.0,none
C:\Users\muldi\Documents\Playground\University\senior-project-1\dataset\internet\clear\ลิ้นจระเข้ กินอะไรก็อร่อย.wav,44.0,45.1,none
C:\Users\muldi\Documents\Playground\University\senior-project-1\dataset\internet\clear\ลิ้นจระเข้ กินอะไรก็อร่อย.wav,45.1,46.2,none
C:\Users\muldi\Documents\Playground\University\senior-project-1\dataset\internet\clear\ลิ้นจระเข้ กินอะไรก็อร่อย.wav,46.2,47.3,none
C:\Users\muldi\Documents\Playground\University\senior-project-1\dataset\internet\clear\ลิ้นจระเข้ กินอะไรก็อร่อย.wav,47.3,48.4,none
C:\Users\muldi\Documents\Playground\University\senior-project-1\dataset\internet\clear\ลิ้นจระเข้ กินอะไรก็อร่อย.wav,48.4,49.5,none
C:\Users\muldi\Documents\Playground\University\senior-project-1\dataset\internet\clear\ลิ้นจระเข้ กินอะไรก็อร่อย.wav,49.5,50.6,none
C:\Users\muldi\Documents\Playground\University\senior-project-1\dataset\internet\clear\ลิ้นจระเข้ กินอะไรก็อร่อย.wav,50.6,51.7,none
C:\Users\muldi\Documents\Playground\University\senior-project-1\dataset\internet\clear\ลิ้นจระเข้ กินอะไรก็อร่อย.wav,51.7,52.8,none
C:\Users\muldi\Documents\Playground\University\senior-project-1\dataset\internet\clear\ลิ้นจระเข้ กินอะไรก็อร่อย.wav,52.8,53.9,กู
C:\Users\muldi\Documents\Playground\University\senior-project-1\dataset\internet\clear\ลิ้นจระเข้ กินอะไรก็อร่อย.wav,53.9,55.0,none
C:\Users\muldi\Documents\Playground\University\senior-project-1\dataset\internet\clear\ลิ้นจระเข้ กินอะไรก็อร่อย.wav,55.0,56.1,none
C:\Users\muldi\Documents\Playground\University\senior-project-1\dataset\internet\clear\ลิ้นจระเข้ กินอะไรก็อร่อย.wav,56.1,57.2,none
C:\Users\muldi\Documents\Playground\University\senior-project-1\dataset\internet\clear\ลิ้นจระเข้ กินอะไรก็อร่อย.wav,57.2,58.3,none
C:\Users\muldi\Documents\Playground\University\senior-project-1\dataset\internet\clear\ลิ้นจระเข้ กินอะไรก็อร่อย.wav,58.3,59.4,กู
C:\Users\muldi\Documents\Playground\University\senior-project-1\dataset\internet\clear\ลิ้นจระเข้ กินอะไรก็อร่อย.wav,59.4,60.5,กู
C:\Users\muldi\Documents\Playground\University\senior-project-1\dataset\internet\clear\ลิ้นจระเข้ กินอะไรก็อร่อย.wav,60.5,61.6,กู
C:\Users\muldi\Documents\Playground\University\senior-project-1\dataset\internet\clear\ลิ้นจระเข้ กินอะไรก็อร่อย.wav,61.6,62.7,none
C:\Users\muldi\Documents\Playground\University\senior-project-1\dataset\internet\clear\ลิ้นจระเข้ กินอะไรก็อร่อย.wav,62.7,63.8,none
C:\Users\muldi\Documents\Playground\University\senior-project-1\dataset\internet\clear\ลิ้นจระเข้ กินอะไรก็อร่อย.wav,63.8,64.9,none
C:\Users\muldi\Documents\Playground\University\senior-project-1\dataset\internet\clear\ลิ้นจระเข้ กินอะไรก็อร่อย.wav,64.9,66.0,none
C:\Users\muldi\Documents\Playground\University\senior-project-1\dataset\internet\clear\ลิ้นจระเข้ กินอะไรก็อร่อย.wav,66.0,67.1,none
C:\Users\muldi\Documents\Playground\University\senior-project-1\dataset\internet\clear\วิ่งหนี or วิ่งใส่.wav,0.0,1.1,none
C:\Users\muldi\Documents\Playground\University\senior-project-1\dataset\internet\clear\วิ่งหนี or วิ่งใส่.wav,1.1,2.2,none
C:\Users\muldi\Documents\Playground\University\senior-project-1\dataset\internet\clear\วิ่งหนี or วิ่งใส่.wav,2.2,3.3,none
C:\Users\muldi\Documents\Playground\University\senior-project-1\dataset\internet\clear\วิ่งหนี or วิ่งใส่.wav,3.3,4.4,กู
C:\Users\muldi\Documents\Playground\University\senior-project-1\dataset\internet\clear\วิ่งหนี or วิ่งใส่.wav,4.4,5.5,กู
C:\Users\muldi\Documents\Playground\University\senior-project-1\dataset\internet\clear\วิ่งหนี or วิ่งใส่.wav,5.5,6.6,none
C:\Users\muldi\Documents\Playground\University\senior-project-1\dataset\internet\clear\วิ่งหนี or วิ่งใส่.wav,6.6,7.7,กู
C:\Users\muldi\Documents\Playground\University\senior-project-1\dataset\internet\clear\วิ่งหนี or วิ่งใส่.wav,7.7,8.8,กู
C:\Users\muldi\Documents\Playground\University\senior-project-1\dataset\internet\clear\วิ่งหนี or วิ่งใส่.wav,8.8,9.9,กู
C:\Users\muldi\Documents\Playground\University\senior-project-1\dataset\internet\clear\วิ่งหนี or วิ่งใส่.wav,9.9,11.0,none
C:\Users\muldi\Documents\Playground\University\senior-project-1\dataset\internet\clear\วิ่งหนี or วิ่งใส่.wav,11.0,12.1,กู
C:\Users\muldi\Documents\Playground\University\senior-project-1\dataset\internet\clear\วิ่งหนี or วิ่งใส่.wav,12.1,13.2,มึง
C:\Users\muldi\Documents\Playground\University\senior-project-1\dataset\internet\clear\ศาลเจ้าทางม้าลายอยู่ไหน!!.wav,0.0,1.1,none
C:\Users\muldi\Documents\Playground\University\senior-project-1\dataset\internet\clear\ศาลเจ้าทางม้าลายอยู่ไหน!!.wav,1.1,2.2,none
C:\Users\muldi\Documents\Playground\University\senior-project-1\dataset\internet\clear\ศาลเจ้าทางม้าลายอยู่ไหน!!.wav,2.2,3.3,none
C:\Users\muldi\Documents\Playground\University\senior-project-1\dataset\internet\clear\ศาลเจ้าทางม้าลายอยู่ไหน!!.wav,3.3,4.4,none
C:\Users\muldi\Documents\Playground\University\senior-project-1\dataset\internet\clear\ศาลเจ้าทางม้าลายอยู่ไหน!!.wav,4.4,5.5,none
C:\Users\muldi\Documents\Playground\University\senior-project-1\dataset\internet\clear\ศาลเจ้าทางม้าลายอยู่ไหน!!.wav,5.5,6.6,none
C:\Users\muldi\Documents\Playground\University\senior-project-1\dataset\internet\clear\ศาลเจ้าทางม้าลายอยู่ไหน!!.wav,6.6,7.7,none
C:\Users\muldi\Documents\Playground\University\senior-project-1\dataset\internet\clear\ศาลเจ้าทางม้าลายอยู่ไหน!!.wav,7.7,8.8,none
C:\Users\muldi\Documents\Playground\University\senior-project-1\dataset\internet\clear\ศาลเจ้าทางม้าลายอยู่ไหน!!.wav,8.8,9.9,none
C:\Users\muldi\Documents\Playground\University\senior-project-1\dataset\internet\clear\ศาลเจ้าทางม้าลายอยู่ไหน!!.wav,9.9,11.0,none
C:\Users\muldi\Documents\Playground\University\senior-project-1\dataset\internet\clear\ศาลเจ้าทางม้าลายอยู่ไหน!!.wav,11.0,12.1,none
C:\Users\muldi\Documents\Playground\University\senior-project-1\dataset\internet\clear\ศาลเจ้าทางม้าลายอยู่ไหน!!.wav,12.1,13.2,none
C:\Users\muldi\Documents\Playground\University\senior-project-1\dataset\internet\clear\ศาลเจ้าทางม้าลายอยู่ไหน!!.wav,13.2,14.3,none
C:\Users\muldi\Documents\Playground\University\senior-project-1\dataset\internet\clear\ศาลเจ้าทางม้าลายอยู่ไหน!!.wav,14.3,15.4,none
C:\Users\muldi\Documents\Playground\University\senior-project-1\dataset\internet\clear\ศาลเจ้าทางม้าลายอยู่ไหน!!.wav,15.4,16.5,none
C:\Users\muldi\Documents\Playground\University\senior-project-1\dataset\internet\clear\ศาลเจ้าทางม้าลายอยู่ไหน!!.wav,16.5,17.6,none
C:\Users\muldi\Documents\Playground\University\senior-project-1\dataset\internet\clear\ศาลเจ้าทางม้าลายอยู่ไหน!!.wav,17.6,18.7,none
C:\Users\muldi\Documents\Playground\University\senior-project-1\dataset\internet\clear\ศาลเจ้าทางม้าลายอยู่ไหน!!.wav,18.7,19.8,none
C:\Users\muldi\Documents\Playground\University\senior-project-1\dataset\internet\clear\ศาลเจ้าทางม้าลายอยู่ไหน!!.wav,19.8,20.9,none
C:\Users\muldi\Documents\Playground\University\senior-project-1\dataset\internet\clear\ศาลเจ้าทางม้าลายอยู่ไหน!!.wav,20.9,22.0,none
C:\Users\muldi\Documents\Playground\University\senior-project-1\dataset\internet\clear\ศาลเจ้าทางม้าลายอยู่ไหน!!.wav,22.0,23.1,none
C:\Users\muldi\Documents\Playground\University\senior-project-1\dataset\internet\clear\ศาลเจ้าทางม้าลายอยู่ไหน!!.wav,23.1,24.2,none
C:\Users\muldi\Documents\Playground\University\senior-project-1\dataset\internet\clear\ศาลเจ้าทางม้าลายอยู่ไหน!!.wav,24.2,25.3,none
C:\Users\muldi\Documents\Playground\University\senior-project-1\dataset\internet\clear\ศาลเจ้าทางม้าลายอยู่ไหน!!.wav,25.3,26.4,none
C:\Users\muldi\Documents\Playground\University\senior-project-1\dataset\internet\clear\ศาลเจ้าทางม้าลายอยู่ไหน!!.wav,26.4,27.5,none
C:\Users\muldi\Documents\Playground\University\senior-project-1\dataset\internet\clear\ศาลเจ้าทางม้าลายอยู่ไหน!!.wav,27.5,28.6,none
C:\Users\muldi\Documents\Playground\University\senior-project-1\dataset\internet\clear\ศาลเจ้าทางม้าลายอยู่ไหน!!.wav,28.6,29.7,none
C:\Users\muldi\Documents\Playground\University\senior-project-1\dataset\internet\clear\ศาลเจ้าทางม้าลายอยู่ไหน!!.wav,29.7,30.8,none
C:\Users\muldi\Documents\Playground\University\senior-project-1\dataset\internet\clear\ศาลเจ้าทางม้าลายอยู่ไหน!!.wav,30.8,31.9,none
C:\Users\muldi\Documents\Playground\University\senior-project-1\dataset\internet\clear\ศาลเจ้าทางม้าลายอยู่ไหน!!.wav,31.9,33.0,none
C:\Users\muldi\Documents\Playground\University\senior-project-1\dataset\internet\clear\ศาลเจ้าทางม้าลายอยู่ไหน!!.wav,33.0,34.1,none
C:\Users\muldi\Documents\Playground\University\senior-project-1\dataset\internet\clear\ศาลเจ้าทางม้าลายอยู่ไหน!!.wav,34.1,35.2,none
C:\Users\muldi\Documents\Playground\University\senior-project-1\dataset\internet\clear\ศาลเจ้าทางม้าลายอยู่ไหน!!.wav,35.2,36.3,none
C:\Users\muldi\Documents\Playground\University\senior-project-1\dataset\internet\clear\ศาลเจ้าทางม้าลายอยู่ไหน!!.wav,36.3,37.4,none
C:\Users\muldi\Documents\Playground\University\senior-project-1\dataset\internet\clear\ศาลเจ้าทางม้าลายอยู่ไหน!!.wav,37.4,38.5,none
C:\Users\muldi\Documents\Playground\University\senior-project-1\dataset\internet\clear\ศาลเจ้าทางม้าลายอยู่ไหน!!.wav,38.5,39.6,none
C:\Users\muldi\Documents\Playground\University\senior-project-1\dataset\internet\clear\ศาลเจ้าทางม้าลายอยู่ไหน!!.wav,39.6,40.7,กู
C:\Users\muldi\Documents\Playground\University\senior-project-1\dataset\internet\clear\ศาลเจ้าทางม้าลายอยู่ไหน!!.wav,40.7,41.8,none
C:\Users\muldi\Documents\Playground\University\senior-project-1\dataset\internet\clear\ศาลเจ้าทางม้าลายอยู่ไหน!!.wav,41.8,42.9,none
C:\Users\muldi\Documents\Playground\University\senior-project-1\dataset\internet\clear\ศาลเจ้าทางม้าลายอยู่ไหน!!.wav,42.9,44.0,none
C:\Users\muldi\Documents\Playground\University\senior-project-1\dataset\internet\clear\ศาลเจ้าทางม้าลายอยู่ไหน!!.wav,44.0,45.1,เหี้ย
C:\Users\muldi\Documents\Playground\University\senior-project-1\dataset\internet\clear\ศาลเจ้าทางม้าลายอยู่ไหน!!.wav,45.1,46.2,กู
C:\Users\muldi\Documents\Playground\University\senior-project-1\dataset\internet\clear\อะชิมะหม๋า.wav,0.0,1.1,none
C:\Users\muldi\Documents\Playground\University\senior-project-1\dataset\internet\clear\อะชิมะหม๋า.wav,1.1,2.2,none
C:\Users\muldi\Documents\Playground\University\senior-project-1\dataset\internet\clear\อะชิมะหม๋า.wav,2.2,3.3,none
C:\Users\muldi\Documents\Playground\University\senior-project-1\dataset\internet\clear\อะชิมะหม๋า.wav,3.3,4.4,none
C:\Users\muldi\Documents\Playground\University\senior-project-1\dataset\internet\clear\อะชิมะหม๋า.wav,4.4,5.5,none
C:\Users\muldi\Documents\Playground\University\senior-project-1\dataset\internet\clear\อะชิมะหม๋า.wav,5.5,6.6,none
C:\Users\muldi\Documents\Playground\University\senior-project-1\dataset\internet\clear\อะชิมะหม๋า.wav,6.6,7.7,none
C:\Users\muldi\Documents\Playground\University\senior-project-1\dataset\internet\clear\อะชิมะหม๋า.wav,7.7,8.8,none
C:\Users\muldi\Documents\Playground\University\senior-project-1\dataset\internet\clear\อะชิมะหม๋า.wav,8.8,9.9,none
C:\Users\muldi\Documents\Playground\University\senior-project-1\dataset\internet\clear\อะชิมะหม๋า.wav,9.9,11.0,กู
C:\Users\muldi\Documents\Playground\University\senior-project-1\dataset\internet\clear\อะชิมะหม๋า.wav,11.0,12.1,none
C:\Users\muldi\Documents\Playground\University\senior-project-1\dataset\internet\clear\อะชิมะหม๋า.wav,12.1,13.2,none
C:\Users\muldi\Documents\Playground\University\senior-project-1\dataset\internet\clear\อะชิมะหม๋า.wav,13.2,14.3,none
C:\Users\muldi\Documents\Playground\University\senior-project-1\dataset\internet\clear\อะชิมะหม๋า.wav,14.3,15.4,none
C:\Users\muldi\Documents\Playground\University\senior-project-1\dataset\internet\clear\อะชิมะหม๋า.wav,15.4,16.5,none
C:\Users\muldi\Documents\Playground\University\senior-project-1\dataset\internet\clear\อะชิมะหม๋า.wav,16.5,17.6,none
C:\Users\muldi\Documents\Playground\University\senior-project-1\dataset\internet\clear\อะชิมะหม๋า.wav,17.6,18.7,none
C:\Users\muldi\Documents\Playground\University\senior-project-1\dataset\internet\clear\อะชิมะหม๋า.wav,18.7,19.8,กู
C:\Users\muldi\Documents\Playground\University\senior-project-1\dataset\internet\clear\อะชิมะหม๋า.wav,19.8,20.9,none
C:\Users\muldi\Documents\Playground\University\senior-project-1\dataset\internet\clear\อะชิมะหม๋า.wav,20.9,22.0,none
C:\Users\muldi\Documents\Playground\University\senior-project-1\dataset\internet\clear\อะไรหายากสุด.wav,0.0,1.1,none
C:\Users\muldi\Documents\Playground\University\senior-project-1\dataset\internet\clear\อะไรหายากสุด.wav,1.1,2.2,none
C:\Users\muldi\Documents\Playground\University\senior-project-1\dataset\internet\clear\อะไรหายากสุด.wav,2.2,3.3,none
C:\Users\muldi\Documents\Playground\University\senior-project-1\dataset\internet\clear\อะไรหายากสุด.wav,3.3,4.4,none
C:\Users\muldi\Documents\Playground\University\senior-project-1\dataset\internet\clear\อะไรหายากสุด.wav,4.4,5.5,none
C:\Users\muldi\Documents\Playground\University\senior-project-1\dataset\internet\clear\อะไรหายากสุด.wav,5.5,6.6,none
C:\Users\muldi\Documents\Playground\University\senior-project-1\dataset\internet\clear\อะไรหายากสุด.wav,6.6,7.7,none
C:\Users\muldi\Documents\Playground\University\senior-project-1\dataset\internet\clear\อะไรหายากสุด.wav,7.7,8.8,none
C:\Users\muldi\Documents\Playground\University\senior-project-1\dataset\internet\clear\อะไรหายากสุด.wav,8.8,9.9,none
C:\Users\muldi\Documents\Playground\University\senior-project-1\dataset\internet\clear\อะไรหายากสุด.wav,9.9,11.0,none
C:\Users\muldi\Documents\Playground\University\senior-project-1\dataset\internet\clear\อะไรหายากสุด.wav,11.0,12.1,none
C:\Users\muldi\Documents\Playground\University\senior-project-1\dataset\internet\clear\อะไรหายากสุด.wav,12.1,13.2,none
C:\Users\muldi\Documents\Playground\University\senior-project-1\dataset\internet\clear\อะไรหายากสุด.wav,13.2,14.3,มึง
C:\Users\muldi\Documents\Playground\University\senior-project-1\dataset\internet\clear\อะไรหายากสุด.wav,14.3,15.4,none
C:\Users\muldi\Documents\Playground\University\senior-project-1\dataset\internet\clear\อะไรหายากสุด.wav,15.4,16.5,none
C:\Users\muldi\Documents\Playground\University\senior-project-1\dataset\internet\clear\อะไรหายากสุด.wav,16.5,17.6,กู
C:\Users\muldi\Documents\Playground\University\senior-project-1\dataset\internet\clear\เกิดแต่กับคีร์มากค่ะ.wav,0.0,1.1,none
C:\Users\muldi\Documents\Playground\University\senior-project-1\dataset\internet\clear\เกิดแต่กับคีร์มากค่ะ.wav,1.1,2.2,none
C:\Users\muldi\Documents\Playground\University\senior-project-1\dataset\internet\clear\เกิดแต่กับคีร์มากค่ะ.wav,2.2,3.3,มึง
C:\Users\muldi\Documents\Playground\University\senior-project-1\dataset\internet\clear\เกิดแต่กับคีร์มากค่ะ.wav,3.3,4.4,none
C:\Users\muldi\Documents\Playground\University\senior-project-1\dataset\internet\clear\เกิดแต่กับคีร์มากค่ะ.wav,4.4,5.5,none
C:\Users\muldi\Documents\Playground\University\senior-project-1\dataset\internet\clear\เกิดแต่กับคีร์มากค่ะ.wav,5.5,6.6,none
C:\Users\muldi\Documents\Playground\University\senior-project-1\dataset\internet\clear\เกิดแต่กับคีร์มากค่ะ.wav,6.6,7.7,กู
C:\Users\muldi\Documents\Playground\University\senior-project-1\dataset\internet\clear\เกิดแต่กับคีร์มากค่ะ.wav,7.7,8.8,none
C:\Users\muldi\Documents\Playground\University\senior-project-1\dataset\internet\clear\เกิดแต่กับคีร์มากค่ะ.wav,8.8,9.9,none
C:\Users\muldi\Documents\Playground\University\senior-project-1\dataset\internet\clear\เกิดแต่กับคีร์มากค่ะ.wav,9.9,11.0,none
C:\Users\muldi\Documents\Playground\University\senior-project-1\dataset\internet\clear\เกิดแต่กับคีร์มากค่ะ.wav,11.0,12.1,none
C:\Users\muldi\Documents\Playground\University\senior-project-1\dataset\internet\clear\เกิดแต่กับคีร์มากค่ะ.wav,12.1,13.2,none
C:\Users\muldi\Documents\Playground\University\senior-project-1\dataset\internet\clear\เกิดแต่กับคีร์มากค่ะ.wav,13.2,14.3,กู
C:\Users\muldi\Documents\Playground\University\senior-project-1\dataset\internet\clear\เกิดแต่กับคีร์มากค่ะ.wav,14.3,15.4,none
C:\Users\muldi\Documents\Playground\University\senior-project-1\dataset\internet\clear\เกิดแต่กับคีร์มากค่ะ.wav,15.4,16.5,กู
C:\Users\muldi\Documents\Playground\University\senior-project-1\dataset\internet\clear\เกิดแต่กับคีร์มากค่ะ.wav,16.5,17.6,none
C:\Users\muldi\Documents\Playground\University\senior-project-1\dataset\internet\clear\เกิดแต่กับคีร์มากค่ะ.wav,17.6,18.7,none
C:\Users\muldi\Documents\Playground\University\senior-project-1\dataset\internet\clear\เกิดแต่กับคีร์มากค่ะ.wav,18.7,19.8,none
C:\Users\muldi\Documents\Playground\University\senior-project-1\dataset\internet\clear\เกิดแต่กับคีร์มากค่ะ.wav,19.8,20.9,none
C:\Users\muldi\Documents\Playground\University\senior-project-1\dataset\internet\clear\เกิดแต่กับคีร์มากค่ะ.wav,20.9,22.0,none
C:\Users\muldi\Documents\Playground\University\senior-project-1\dataset\internet\clear\เกิดแต่กับคีร์มากค่ะ.wav,22.0,23.1,กู
C:\Users\muldi\Documents\Playground\University\senior-project-1\dataset\internet\clear\เกิดแต่กับคีร์มากค่ะ.wav,23.1,24.2,none
C:\Users\muldi\Documents\Playground\University\senior-project-1\dataset\internet\clear\เกิดแต่กับคีร์มากค่ะ.wav,24.2,25.3,none
C:\Users\muldi\Documents\Playground\University\senior-project-1\dataset\internet\clear\เกิดแต่กับคีร์มากค่ะ.wav,25.3,26.4,กู
C:\Users\muldi\Documents\Playground\University\senior-project-1\dataset\internet\clear\เกิดแต่กับคีร์มากค่ะ.wav,26.4,27.5,none
C:\Users\muldi\Documents\Playground\University\senior-project-1\dataset\internet\clear\เกิดแต่กับคีร์มากค่ะ.wav,27.5,28.6,none
C:\Users\muldi\Documents\Playground\University\senior-project-1\dataset\internet\clear\เกิดแต่กับคีร์มากค่ะ.wav,28.6,29.7,none
C:\Users\muldi\Documents\Playground\University\senior-project-1\dataset\internet\clear\เกิดแต่กับคีร์มากค่ะ.wav,29.7,30.8,none
C:\Users\muldi\Documents\Playground\University\senior-project-1\dataset\internet\clear\เกิดแต่กับคีร์มากค่ะ.wav,30.8,31.9,none
C:\Users\muldi\Documents\Playground\University\senior-project-1\dataset\internet\clear\เกิดแต่กับคีร์มากค่ะ.wav,31.9,33.0,none
C:\Users\muldi\Documents\Playground\University\senior-project-1\dataset\internet\clear\เกิดแต่กับคีร์มากค่ะ.wav,33.0,34.1,none
C:\Users\muldi\Documents\Playground\University\senior-project-1\dataset\internet\clear\เกิดแต่กับคีร์มากค่ะ.wav,34.1,35.2,none
C:\Users\muldi\Documents\Playground\University\senior-project-1\dataset\internet\clear\เกิดแต่กับคีร์มากค่ะ.wav,35.2,36.3,none
C:\Users\muldi\Documents\Playground\University\senior-project-1\dataset\internet\clear\เกิดแต่กับคีร์มากค่ะ.wav,36.3,37.4,none
C:\Users\muldi\Documents\Playground\University\senior-project-1\dataset\internet\clear\เกิดแต่กับคีร์มากค่ะ.wav,37.4,38.5,none
C:\Users\muldi\Documents\Playground\University\senior-project-1\dataset\internet\clear\เกิดแต่กับคีร์มากค่ะ.wav,38.5,39.6,none
C:\Users\muldi\Documents\Playground\University\senior-project-1\dataset\internet\clear\เกิดแต่กับคีร์มากค่ะ.wav,39.6,40.7,กู
C:\Users\muldi\Documents\Playground\University\senior-project-1\dataset\internet\clear\เกิดแต่กับคีร์มากค่ะ.wav,40.7,41.8,none
C:\Users\muldi\Documents\Playground\University\senior-project-1\dataset\internet\clear\เกิดแต่กับคีร์มากค่ะ.wav,41.8,42.9,none
C:\Users\muldi\Documents\Playground\University\senior-project-1\dataset\internet\clear\เกิดแต่กับคีร์มากค่ะ.wav,42.9,44.0,มึง
C:\Users\muldi\Documents\Playground\University\senior-project-1\dataset\internet\clear\เกิดแต่กับคีร์มากค่ะ.wav,44.0,45.1,กู
C:\Users\muldi\Documents\Playground\University\senior-project-1\dataset\internet\clear\เคยอยากเป็นวีค่ายกระต่าย.wav,0.0,1.1,none
C:\Users\muldi\Documents\Playground\University\senior-project-1\dataset\internet\clear\เคยอยากเป็นวีค่ายกระต่าย.wav,1.1,2.2,none
C:\Users\muldi\Documents\Playground\University\senior-project-1\dataset\internet\clear\เคยอยากเป็นวีค่ายกระต่าย.wav,2.2,3.3,none
C:\Users\muldi\Documents\Playground\University\senior-project-1\dataset\internet\clear\เคยอยากเป็นวีค่ายกระต่าย.wav,3.3,4.4,none
C:\Users\muldi\Documents\Playground\University\senior-project-1\dataset\internet\clear\เคยอยากเป็นวีค่ายกระต่าย.wav,4.4,5.5,none
C:\Users\muldi\Documents\Playground\University\senior-project-1\dataset\internet\clear\เคยอยากเป็นวีค่ายกระต่าย.wav,5.5,6.6,none
C:\Users\muldi\Documents\Playground\University\senior-project-1\dataset\internet\clear\เคยอยากเป็นวีค่ายกระต่าย.wav,6.6,7.7,none
C:\Users\muldi\Documents\Playground\University\senior-project-1\dataset\internet\clear\เคยอยากเป็นวีค่ายกระต่าย.wav,7.7,8.8,none
C:\Users\muldi\Documents\Playground\University\senior-project-1\dataset\internet\clear\เคยอยากเป็นวีค่ายกระต่าย.wav,8.8,9.9,none
C:\Users\muldi\Documents\Playground\University\senior-project-1\dataset\internet\clear\เคยอยากเป็นวีค่ายกระต่าย.wav,9.9,11.0,none
C:\Users\muldi\Documents\Playground\University\senior-project-1\dataset\internet\clear\เคยอยากเป็นวีค่ายกระต่าย.wav,11.0,12.1,กู
C:\Users\muldi\Documents\Playground\University\senior-project-1\dataset\internet\clear\เจ๊อยากกลับบ้านแล้ว....wav,0.0,1.1,none
C:\Users\muldi\Documents\Playground\University\senior-project-1\dataset\internet\clear\เจ๊อยากกลับบ้านแล้ว....wav,1.1,2.2,none
C:\Users\muldi\Documents\Playground\University\senior-project-1\dataset\internet\clear\เจ๊อยากกลับบ้านแล้ว....wav,2.2,3.3,none
C:\Users\muldi\Documents\Playground\University\senior-project-1\dataset\internet\clear\เจ๊อยากกลับบ้านแล้ว....wav,3.3,4.4,none
C:\Users\muldi\Documents\Playground\University\senior-project-1\dataset\internet\clear\เจ๊อยากกลับบ้านแล้ว....wav,4.4,5.5,none
C:\Users\muldi\Documents\Playground\University\senior-project-1\dataset\internet\clear\เจ๊อยากกลับบ้านแล้ว....wav,5.5,6.6,none
C:\Users\muldi\Documents\Playground\University\senior-project-1\dataset\internet\clear\เจ๊อยากกลับบ้านแล้ว....wav,6.6,7.7,none
C:\Users\muldi\Documents\Playground\University\senior-project-1\dataset\internet\clear\เจ๊อยากกลับบ้านแล้ว....wav,7.7,8.8,none
C:\Users\muldi\Documents\Playground\University\senior-project-1\dataset\internet\clear\เจ๊อยากกลับบ้านแล้ว....wav,8.8,9.9,none
C:\Users\muldi\Documents\Playground\University\senior-project-1\dataset\internet\clear\เจ๊อยากกลับบ้านแล้ว....wav,9.9,11.0,none
C:\Users\muldi\Documents\Playground\University\senior-project-1\dataset\internet\clear\เจ๊อยากกลับบ้านแล้ว....wav,11.0,12.1,none
C:\Users\muldi\Documents\Playground\University\senior-project-1\dataset\internet\clear\เจ๊อยากกลับบ้านแล้ว....wav,12.1,13.2,none
C:\Users\muldi\Documents\Playground\University\senior-project-1\dataset\internet\clear\เจ๊อยากกลับบ้านแล้ว....wav,13.2,14.3,none
C:\Users\muldi\Documents\Playground\University\senior-project-1\dataset\internet\clear\เจ๊อยากกลับบ้านแล้ว....wav,14.3,15.4,none
C:\Users\muldi\Documents\Playground\University\senior-project-1\dataset\internet\clear\เจ๊อยากกลับบ้านแล้ว....wav,15.4,16.5,เหี้ย
C:\Users\muldi\Documents\Playground\University\senior-project-1\dataset\internet\clear\เดินเตะทุกอย่างบนโลก!.wav,0.0,1.1,none
C:\Users\muldi\Documents\Playground\University\senior-project-1\dataset\internet\clear\เดินเตะทุกอย่างบนโลก!.wav,1.1,2.2,none
C:\Users\muldi\Documents\Playground\University\senior-project-1\dataset\internet\clear\เดินเตะทุกอย่างบนโลก!.wav,2.2,3.3,กู
C:\Users\muldi\Documents\Playground\University\senior-project-1\dataset\internet\clear\เดินเตะทุกอย่างบนโลก!.wav,3.3,4.4,none
C:\Users\muldi\Documents\Playground\University\senior-project-1\dataset\internet\clear\เดินเตะทุกอย่างบนโลก!.wav,4.4,5.5,กู
C:\Users\muldi\Documents\Playground\University\senior-project-1\dataset\internet\clear\เดินเตะทุกอย่างบนโลก!.wav,5.5,6.6,none
C:\Users\muldi\Documents\Playground\University\senior-project-1\dataset\internet\clear\เดินเตะทุกอย่างบนโลก!.wav,6.6,7.7,none
C:\Users\muldi\Documents\Playground\University\senior-project-1\dataset\internet\clear\เดินเตะทุกอย่างบนโลก!.wav,7.7,8.8,none
C:\Users\muldi\Documents\Playground\University\senior-project-1\dataset\internet\clear\เดินเตะทุกอย่างบนโลก!.wav,8.8,9.9,กู
C:\Users\muldi\Documents\Playground\University\senior-project-1\dataset\internet\clear\เดินเตะทุกอย่างบนโลก!.wav,9.9,11.0,none
C:\Users\muldi\Documents\Playground\University\senior-project-1\dataset\internet\clear\เดินเตะทุกอย่างบนโลก!.wav,11.0,12.1,กู
C:\Users\muldi\Documents\Playground\University\senior-project-1\dataset\internet\clear\เดินเตะทุกอย่างบนโลก!.wav,12.1,13.2,none
C:\Users\muldi\Documents\Playground\University\senior-project-1\dataset\internet\clear\เดินเตะทุกอย่างบนโลก!.wav,13.2,14.3,none
C:\Users\muldi\Documents\Playground\University\senior-project-1\dataset\internet\clear\เดินเตะทุกอย่างบนโลก!.wav,14.3,15.4,none
C:\Users\muldi\Documents\Playground\University\senior-project-1\dataset\internet\clear\เดินเตะทุกอย่างบนโลก!.wav,15.4,16.5,กู
C:\Users\muldi\Documents\Playground\University\senior-project-1\dataset\internet\clear\เดินเตะทุกอย่างบนโลก!.wav,16.5,17.6,กู
C:\Users\muldi\Documents\Playground\University\senior-project-1\dataset\internet\clear\เดินเตะทุกอย่างบนโลก!.wav,17.6,18.7,none
C:\Users\muldi\Documents\Playground\University\senior-project-1\dataset\internet\clear\เดินเตะทุกอย่างบนโลก!.wav,18.7,19.8,none
C:\Users\muldi\Documents\Playground\University\senior-project-1\dataset\internet\clear\เดินเตะทุกอย่างบนโลก!.wav,19.8,20.9,กู
C:\Users\muldi\Documents\Playground\University\senior-project-1\dataset\internet\clear\เดินเตะทุกอย่างบนโลก!.wav,20.9,22.0,กู
C:\Users\muldi\Documents\Playground\University\senior-project-1\dataset\internet\clear\เดินเตะทุกอย่างบนโลก!.wav,22.0,23.1,none
C:\Users\muldi\Documents\Playground\University\senior-project-1\dataset\internet\clear\เดินเตะทุกอย่างบนโลก!.wav,23.1,24.2,none
C:\Users\muldi\Documents\Playground\University\senior-project-1\dataset\internet\clear\เดินเตะทุกอย่างบนโลก!.wav,24.2,25.3,none
C:\Users\muldi\Documents\Playground\University\senior-project-1\dataset\internet\clear\เดินเตะทุกอย่างบนโลก!.wav,25.3,26.4,none
C:\Users\muldi\Documents\Playground\University\senior-project-1\dataset\internet\clear\เดินเตะทุกอย่างบนโลก!.wav,26.4,27.5,none
C:\Users\muldi\Documents\Playground\University\senior-project-1\dataset\internet\clear\เดินเตะทุกอย่างบนโลก!.wav,27.5,28.6,กู
C:\Users\muldi\Documents\Playground\University\senior-project-1\dataset\internet\clear\เดินเตะทุกอย่างบนโลก!.wav,28.6,29.7,กู
C:\Users\muldi\Documents\Playground\University\senior-project-1\dataset\internet\clear\เดินเตะทุกอย่างบนโลก!.wav,29.7,30.8,none
C:\Users\muldi\Documents\Playground\University\senior-project-1\dataset\internet\clear\เดินเตะทุกอย่างบนโลก!.wav,30.8,31.9,none
C:\Users\muldi\Documents\Playground\University\senior-project-1\dataset\internet\clear\เดินเตะทุกอย่างบนโลก!.wav,31.9,33.0,กู
C:\Users\muldi\Documents\Playground\University\senior-project-1\dataset\internet\clear\เดินเตะทุกอย่างบนโลก!.wav,33.0,34.1,กู
C:\Users\muldi\Documents\Playground\University\senior-project-1\dataset\internet\clear\เดินเตะทุกอย่างบนโลก!.wav,34.1,35.2,กู
C:\Users\muldi\Documents\Playground\University\senior-project-1\dataset\internet\clear\เดินเตะทุกอย่างบนโลก!.wav,35.2,36.3,none
C:\Users\muldi\Documents\Playground\University\senior-project-1\dataset\internet\clear\เดินเตะทุกอย่างบนโลก!.wav,36.3,37.4,none
C:\Users\muldi\Documents\Playground\University\senior-project-1\dataset\internet\clear\เดินเตะทุกอย่างบนโลก!.wav,37.4,38.5,none
C:\Users\muldi\Documents\Playground\University\senior-project-1\dataset\internet\clear\เดินเตะทุกอย่างบนโลก!.wav,38.5,39.6,none
C:\Users\muldi\Documents\Playground\University\senior-project-1\dataset\internet\clear\เดินเตะทุกอย่างบนโลก!.wav,39.6,40.7,none
C:\Users\muldi\Documents\Playground\University\senior-project-1\dataset\internet\clear\เดินเตะทุกอย่างบนโลก!.wav,40.7,41.8,none
C:\Users\muldi\Documents\Playground\University\senior-project-1\dataset\internet\clear\เดินเตะทุกอย่างบนโลก!.wav,41.8,42.9,none
C:\Users\muldi\Documents\Playground\University\senior-project-1\dataset\internet\clear\เดินเตะทุกอย่างบนโลก!.wav,42.9,44.0,none
C:\Users\muldi\Documents\Playground\University\senior-project-1\dataset\internet\clear\เดินเตะทุกอย่างบนโลก!.wav,44.0,45.1,กู
C:\Users\muldi\Documents\Playground\University\senior-project-1\dataset\internet\clear\เพื่อนบ้านหรรษาของจริงๆ.wav,0.0,1.1,none
C:\Users\muldi\Documents\Playground\University\senior-project-1\dataset\internet\clear\เพื่อนบ้านหรรษาของจริงๆ.wav,1.1,2.2,none
C:\Users\muldi\Documents\Playground\University\senior-project-1\dataset\internet\clear\เพื่อนบ้านหรรษาของจริงๆ.wav,2.2,3.3,none
C:\Users\muldi\Documents\Playground\University\senior-project-1\dataset\internet\clear\เพื่อนบ้านหรรษาของจริงๆ.wav,3.3,4.4,none
C:\Users\muldi\Documents\Playground\University\senior-project-1\dataset\internet\clear\เพื่อนบ้านหรรษาของจริงๆ.wav,4.4,5.5,มึง
C:\Users\muldi\Documents\Playground\University\senior-project-1\dataset\internet\clear\เพื่อนบ้านหรรษาของจริงๆ.wav,5.5,6.6,none
C:\Users\muldi\Documents\Playground\University\senior-project-1\dataset\internet\clear\เพื่อนบ้านหรรษาของจริงๆ.wav,6.6,7.7,none
C:\Users\muldi\Documents\Playground\University\senior-project-1\dataset\internet\clear\เพื่อนบ้านหรรษาของจริงๆ.wav,7.7,8.8,none
C:\Users\muldi\Documents\Playground\University\senior-project-1\dataset\internet\clear\เพื่อนบ้านหรรษาของจริงๆ.wav,8.8,9.9,none
C:\Users\muldi\Documents\Playground\University\senior-project-1\dataset\internet\clear\เพื่อนบ้านหรรษาของจริงๆ.wav,9.9,11.0,none
C:\Users\muldi\Documents\Playground\University\senior-project-1\dataset\internet\clear\เพื่อนบ้านหรรษาของจริงๆ.wav,11.0,12.1,none
C:\Users\muldi\Documents\Playground\University\senior-project-1\dataset\internet\clear\เพื่อนบ้านหรรษาของจริงๆ.wav,12.1,13.2,none
C:\Users\muldi\Documents\Playground\University\senior-project-1\dataset\internet\clear\เพื่อนบ้านหรรษาของจริงๆ.wav,13.2,14.3,none
C:\Users\muldi\Documents\Playground\University\senior-project-1\dataset\internet\clear\เพื่อนบ้านหรรษาของจริงๆ.wav,14.3,15.4,none
C:\Users\muldi\Documents\Playground\University\senior-project-1\dataset\internet\clear\เพื่อนบ้านหรรษาของจริงๆ.wav,15.4,16.5,none
C:\Users\muldi\Documents\Playground\University\senior-project-1\dataset\internet\clear\เพื่อนบ้านหรรษาของจริงๆ.wav,16.5,17.6,none
C:\Users\muldi\Documents\Playground\University\senior-project-1\dataset\internet\clear\เพื่อนบ้านหรรษาของจริงๆ.wav,17.6,18.7,none
C:\Users\muldi\Documents\Playground\University\senior-project-1\dataset\internet\clear\เพื่อนบ้านหรรษาของจริงๆ.wav,18.7,19.8,none
C:\Users\muldi\Documents\Playground\University\senior-project-1\dataset\internet\clear\เพื่อนบ้านหรรษาของจริงๆ.wav,19.8,20.9,กู
C:\Users\muldi\Documents\Playground\University\senior-project-1\dataset\internet\clear\เพื่อนบ้านหรรษาของจริงๆ.wav,20.9,22.0,none
C:\Users\muldi\Documents\Playground\University\senior-project-1\dataset\internet\clear\เพื่อนบ้านหรรษาของจริงๆ.wav,22.0,23.1,มึง
C:\Users\muldi\Documents\Playground\University\senior-project-1\dataset\internet\clear\เพื่อนบ้านหรรษาของจริงๆ.wav,23.1,24.2,none
C:\Users\muldi\Documents\Playground\University\senior-project-1\dataset\internet\clear\เพื่อนบ้านหรรษาของจริงๆ.wav,24.2,25.3,none
C:\Users\muldi\Documents\Playground\University\senior-project-1\dataset\internet\clear\เพื่อนบ้านหรรษาของจริงๆ.wav,25.3,26.4,none
C:\Users\muldi\Documents\Playground\University\senior-project-1\dataset\internet\clear\เพื่อนบ้านหรรษาของจริงๆ.wav,26.4,27.5,none
C:\Users\muldi\Documents\Playground\University\senior-project-1\dataset\internet\clear\เพื่อนบ้านหรรษาของจริงๆ.wav,27.5,28.6,none
C:\Users\muldi\Documents\Playground\University\senior-project-1\dataset\internet\clear\เพื่อนบ้านหรรษาของจริงๆ.wav,28.6,29.7,none
C:\Users\muldi\Documents\Playground\University\senior-project-1\dataset\internet\clear\เพื่อนบ้านหรรษาของจริงๆ.wav,29.7,30.8,none
C:\Users\muldi\Documents\Playground\University\senior-project-1\dataset\internet\clear\เพื่อนบ้านหรรษาของจริงๆ.wav,30.8,31.9,กู
C:\Users\muldi\Documents\Playground\University\senior-project-1\dataset\internet\clear\เพื่อนบ้านหรรษาของจริงๆ.wav,31.9,33.0,none
C:\Users\muldi\Documents\Playground\University\senior-project-1\dataset\internet\clear\เพื่อนบ้านหรรษาของจริงๆ.wav,33.0,34.1,none
C:\Users\muldi\Documents\Playground\University\senior-project-1\dataset\internet\clear\เพื่อนบ้านหรรษาของจริงๆ.wav,34.1,35.2,none
C:\Users\muldi\Documents\Playground\University\senior-project-1\dataset\internet\clear\เพื่อนบ้านหรรษาของจริงๆ.wav,35.2,36.3,กู
C:\Users\muldi\Documents\Playground\University\senior-project-1\dataset\internet\clear\เพื่อนบ้านหรรษาของจริงๆ.wav,36.3,37.4,none
C:\Users\muldi\Documents\Playground\University\senior-project-1\dataset\internet\clear\เพื่อนบ้านหรรษาของจริงๆ.wav,37.4,38.5,เหี้ย
C:\Users\muldi\Documents\Playground\University\senior-project-1\dataset\internet\clear\เพื่อนบ้านหรรษาของจริงๆ.wav,38.5,39.6,none
C:\Users\muldi\Documents\Playground\University\senior-project-1\dataset\internet\clear\เพื่อนบ้านหรรษาของจริงๆ.wav,39.6,40.7,กู
C:\Users\muldi\Documents\Playground\University\senior-project-1\dataset\internet\clear\เพื่อนบ้านหรรษาของจริงๆ.wav,40.7,41.8,none
C:\Users\muldi\Documents\Playground\University\senior-project-1\dataset\internet\clear\เพื่อนบ้านหรรษาของจริงๆ.wav,41.8,42.9,กู
C:\Users\muldi\Documents\Playground\University\senior-project-1\dataset\internet\clear\เพื่อนบ้านหรรษาของจริงๆ.wav,42.9,44.0,มึง
C:\Users\muldi\Documents\Playground\University\senior-project-1\dataset\internet\clear\เพื่อนบ้านหรรษาของจริงๆ.wav,44.0,45.1,none
C:\Users\muldi\Documents\Playground\University\senior-project-1\dataset\internet\clear\เพื่อนบ้านหรรษาของจริงๆ.wav,45.1,46.2,none
C:\Users\muldi\Documents\Playground\University\senior-project-1\dataset\internet\clear\เพื่อนบ้านหรรษาของจริงๆ.wav,46.2,47.3,none
C:\Users\muldi\Documents\Playground\University\senior-project-1\dataset\internet\clear\เพื่อนบ้านหรรษาของจริงๆ.wav,47.3,48.4,none
C:\Users\muldi\Documents\Playground\University\senior-project-1\dataset\internet\clear\เพื่อนบ้านหรรษาของจริงๆ.wav,48.4,49.5,none
C:\Users\muldi\Documents\Playground\University\senior-project-1\dataset\internet\clear\เพื่อนบ้านหรรษาของจริงๆ.wav,49.5,50.6,none
C:\Users\muldi\Documents\Playground\University\senior-project-1\dataset\internet\clear\เพื่อนบ้านหรรษาของจริงๆ.wav,50.6,51.7,none
C:\Users\muldi\Documents\Playground\University\senior-project-1\dataset\internet\clear\เพื่อนบ้านหรรษาของจริงๆ.wav,51.7,52.8,none
C:\Users\muldi\Documents\Playground\University\senior-project-1\dataset\internet\clear\เพื่อนบ้านหรรษาของจริงๆ.wav,52.8,53.9,none
C:\Users\muldi\Documents\Playground\University\senior-project-1\dataset\internet\clear\เพื่อนบ้านหรรษาของจริงๆ.wav,53.9,55.0,none
C:\Users\muldi\Documents\Playground\University\senior-project-1\dataset\internet\clear\เพื่อนบ้านหรรษาของจริงๆ.wav,55.0,56.1,เหี้ย
C:\Users\muldi\Documents\Playground\University\senior-project-1\dataset\internet\clear\เพื่อนบ้านหรรษาของจริงๆ.wav,56.1,57.2,none
C:\Users\muldi\Documents\Playground\University\senior-project-1\dataset\internet\clear\เพื่อนบ้านหรรษาของจริงๆ.wav,57.2,58.3,none
C:\Users\muldi\Documents\Playground\University\senior-project-1\dataset\internet\clear\เพื่อนบ้านหรรษาของจริงๆ.wav,58.3,59.4,none
C:\Users\muldi\Documents\Playground\University\senior-project-1\dataset\internet\clear\เพื่อนบ้านหรรษาของจริงๆ.wav,59.4,60.5,none
C:\Users\muldi\Documents\Playground\University\senior-project-1\dataset\internet\clear\โอ๊ต.wav,0.0,1.1,none
C:\Users\muldi\Documents\Playground\University\senior-project-1\dataset\internet\clear\โอ๊ต.wav,1.1,2.2,none
C:\Users\muldi\Documents\Playground\University\senior-project-1\dataset\internet\clear\โอ๊ต.wav,2.2,3.3,none
C:\Users\muldi\Documents\Playground\University\senior-project-1\dataset\internet\clear\โอ๊ต.wav,3.3,4.4,none
C:\Users\muldi\Documents\Playground\University\senior-project-1\dataset\internet\clear\โอ๊ต.wav,4.4,5.5,none
C:\Users\muldi\Documents\Playground\University\senior-project-1\dataset\internet\clear\โอ๊ต.wav,5.5,6.6,none
C:\Users\muldi\Documents\Playground\University\senior-project-1\dataset\internet\clear\โอ๊ต.wav,6.6,7.7,none
C:\Users\muldi\Documents\Playground\University\senior-project-1\dataset\internet\clear\โอ๊ต.wav,7.7,8.8,none
C:\Users\muldi\Documents\Playground\University\senior-project-1\dataset\internet\clear\โอ๊ต.wav,8.8,9.9,none
C:\Users\muldi\Documents\Playground\University\senior-project-1\dataset\internet\clear\โอ๊ต.wav,9.9,11.0,none
C:\Users\muldi\Documents\Playground\University\senior-project-1\dataset\internet\clear\โอ๊ต.wav,11.0,12.1,none
C:\Users\muldi\Documents\Playground\University\senior-project-1\dataset\internet\clear\โอ๊ต.wav,12.1,13.2,none
C:\Users\muldi\Documents\Playground\University\senior-project-1\dataset\internet\clear\โอ๊ต.wav,13.2,14.3,none
C:\Users\muldi\Documents\Playground\University\senior-project-1\dataset\internet\clear\โอ๊ต.wav,14.3,15.4,none
C:\Users\muldi\Documents\Playground\University\senior-project-1\dataset\internet\clear\โอ๊ต.wav,15.4,16.5,none
C:\Users\muldi\Documents\Playground\University\senior-project-1\dataset\internet\clear\โอ๊ต.wav,16.5,17.6,none
C:\Users\muldi\Documents\Playground\University\senior-project-1\dataset\internet\clear\โอ๊ต.wav,17.6,18.7,none
C:\Users\muldi\Documents\Playground\University\senior-project-1\dataset\internet\clear\โอ๊ต.wav,18.7,19.8,none
C:\Users\muldi\Documents\Playground\University\senior-project-1\dataset\internet\clear\โอ๊ต.wav,19.8,20.9,กู
C:\Users\muldi\Documents\Playground\University\senior-project-1\dataset\internet\clear\โอ๊ต.wav,20.9,22.0,none
C:\Users\muldi\Documents\Playground\University\senior-project-1\dataset\internet\clear\โอ๊ต.wav,22.0,23.1,none
C:\Users\muldi\Documents\Playground\University\senior-project-1\dataset\internet\clear\โอ๊ต.wav,23.1,24.2,none
C:\Users\muldi\Documents\Playground\University\senior-project-1\dataset\internet\clear\โอ๊ต.wav,24.2,25.3,none
C:\Users\muldi\Documents\Playground\University\senior-project-1\dataset\internet\clear\โอ๊ต.wav,25.3,26.4,none
C:\Users\muldi\Documents\Playground\University\senior-project-1\dataset\internet\clear\โอ๊ต.wav,26.4,27.5,none
C:\Users\muldi\Documents\Playground\University\senior-project-1\dataset\internet\clear\โอ๊ต.wav,27.5,28.6,none
C:\Users\muldi\Documents\Playground\University\senior-project-1\dataset\internet\clear\โอ๊ต.wav,28.6,29.7,none
C:\Users\muldi\Documents\Playground\University\senior-project-1\dataset\internet\clear\โอ๊ต.wav,29.7,30.8,none
C:\Users\muldi\Documents\Playground\University\senior-project-1\dataset\internet\clear\โอ๊ต.wav,30.8,31.9,none
C:\Users\muldi\Documents\Playground\University\senior-project-1\dataset\internet\clear\โอ๊ต.wav,31.9,33.0,none
C:\Users\muldi\Documents\Playground\University\senior-project-1\dataset\internet\clear\โอ๊ต.wav,33.0,34.1,none
C:\Users\muldi\Documents\Playground\University\senior-project-1\dataset\internet\clear\โอ๊ต.wav,34.1,35.2,none
C:\Users\muldi\Documents\Playground\University\senior-project-1\dataset\internet\clear\โอ๊ต.wav,35.2,36.3,none
C:\Users\muldi\Documents\Playground\University\senior-project-1\dataset\internet\clear\โอ๊ต.wav,36.3,37.4,none
C:\Users\muldi\Documents\Playground\University\senior-project-1\dataset\internet\clear\โอ๊ต.wav,37.4,38.5,none
C:\Users\muldi\Documents\Playground\University\senior-project-1\dataset\internet\clear\โอ๊ต.wav,38.5,39.6,none
C:\Users\muldi\Documents\Playground\University\senior-project-1\dataset\internet\clear\โอ๊ต.wav,39.6,40.7,none
C:\Users\muldi\Documents\Playground\University\senior-project-1\dataset\internet\clear\โอ๊ต.wav,40.7,41.8,none
C:\Users\muldi\Documents\Playground\University\senior-project-1\dataset\internet\clear\โอ๊ต.wav,41.8,42.9,none
C:\Users\muldi\Documents\Playground\University\senior-project-1\dataset\internet\clear\โอ๊ต.wav,42.9,44.0,none
C:\Users\muldi\Documents\Playground\University\senior-project-1\dataset\internet\clear\โอ๊ต.wav,44.0,45.1,none
C:\Users\muldi\Documents\Playground\University\senior-project-1\dataset\internet\clear\โอ๊ต.wav,45.1,46.2,none
C:\Users\muldi\Documents\Playground\University\senior-project-1\dataset\internet\clear\โอ๊ต.wav,46.2,47.3,none
C:\Users\muldi\Documents\Playground\University\senior-project-1\dataset\internet\clear\โอ๊ต.wav,47.3,48.4,none
C:\Users\muldi\Documents\Playground\University\senior-project-1\dataset\internet\clear\โอ๊ต.wav,48.4,49.5,none
C:\Users\muldi\Documents\Playground\University\senior-project-1\dataset\internet\clear\โอ๊ต.wav,49.5,50.6,none
C:\Users\muldi\Documents\Playground\University\senior-project-1\dataset\internet\clear\โอ๊ต.wav,50.6,51.7,none
C:\Users\muldi\Documents\Playground\University\senior-project-1\dataset\internet\clear\โอ๊ต.wav,51.7,52.8,none
C:\Users\muldi\Documents\Playground\University\senior-project-1\dataset\internet\clear\โอ๊ต.wav,52.8,53.9,none
C:\Users\muldi\Documents\Playground\University\senior-project-1\dataset\internet\clear\โอ๊ต.wav,53.9,55.0,none
C:\Users\muldi\Documents\Playground\University\senior-project-1\dataset\internet\clear\โอ๊ต.wav,55.0,56.1,none
C:\Users\muldi\Documents\Playground\University\senior-project-1\dataset\internet\clear\โอ๊ต.wav,56.1,57.2,none
C:\Users\muldi\Documents\Playground\University\senior-project-1\dataset\internet\clear\โอ๊ต.wav,57.2,58.3,มึง
C:\Users\muldi\Documents\Playground\University\senior-project-1\dataset\internet\clear\โอ๊ต.wav,58.3,59.4,none
C:\Users\muldi\Documents\Playground\University\senior-project-1\dataset\internet\clear\โอ๊ต.wav,59.4,60.5,none
C:\Users\muldi\Documents\Playground\University\senior-project-1\dataset\internet\clear\โอ๊ต.wav,60.5,61.6,none
C:\Users\muldi\Documents\Playground\University\senior-project-1\dataset\internet\clear\โอ๊ต.wav,61.6,62.7,none
C:\Users\muldi\Documents\Playground\University\senior-project-1\dataset\internet\clear\โอ๊ต.wav,62.7,63.8,none
C:\Users\muldi\Documents\Playground\University\senior-project-1\dataset\internet\clear\โอ๊ต.wav,63.8,64.9,none
C:\Users\muldi\Documents\Playground\University\senior-project-1\dataset\internet\clear\โอ๊ต.wav,64.9,66.0,none
C:\Users\muldi\Documents\Playground\University\senior-project-1\dataset\internet\clear\โอ๊ต.wav,66.0,67.1,none
C:\Users\muldi\Documents\Playground\University\senior-project-1\dataset\internet\clear\โอ๊ต.wav,67.1,68.2,none
C:\Users\muldi\Documents\Playground\University\senior-project-1\dataset\internet\clear\โอ๊ต.wav,68.2,69.3,none
C:\Users\muldi\Documents\Playground\University\senior-project-1\dataset\internet\clear\โอ๊ต.wav,69.3,70.4,none
C:\Users\muldi\Documents\Playground\University\senior-project-1\dataset\internet\clear\โอ๊ต.wav,70.4,71.5,none
C:\Users\muldi\Documents\Playground\University\senior-project-1\dataset\internet\clear\โอ๊ต.wav,71.5,72.6,none
C:\Users\muldi\Documents\Playground\University\senior-project-1\dataset\internet\clear\โอ๊ต.wav,72.6,73.7,none
C:\Users\muldi\Documents\Playground\University\senior-project-1\dataset\internet\clear\โอ๊ต.wav,73.7,74.8,none
C:\Users\muldi\Documents\Playground\University\senior-project-1\dataset\internet\clear\โอ๊ต.wav,74.8,75.9,none
C:\Users\muldi\Documents\Playground\University\senior-project-1\dataset\internet\clear\โอ๊ต.wav,75.9,77.0,none
C:\Users\muldi\Documents\Playground\University\senior-project-1\dataset\internet\clear\โอ๊ต.wav,77.0,78.1,none
C:\Users\muldi\Documents\Playground\University\senior-project-1\dataset\internet\clear\โอ๊ต.wav,78.1,79.2,none
C:\Users\muldi\Documents\Playground\University\senior-project-1\dataset\internet\clear\โอ๊ต.wav,79.2,80.3,none
C:\Users\muldi\Documents\Playground\University\senior-project-1\dataset\internet\clear\โอ๊ต.wav,80.3,81.4,none
C:\Users\muldi\Documents\Playground\University\senior-project-1\dataset\internet\clear\โอ๊ต.wav,81.4,82.5,none
C:\Users\muldi\Documents\Playground\University\senior-project-1\dataset\internet\clear\โอ๊ต.wav,82.5,83.6,none
C:\Users\muldi\Documents\Playground\University\senior-project-1\dataset\internet\clear\โอ๊ต.wav,83.6,84.7,none
C:\Users\muldi\Documents\Playground\University\senior-project-1\dataset\internet\clear\โอ๊ต.wav,84.7,85.8,none
C:\Users\muldi\Documents\Playground\University\senior-project-1\dataset\internet\clear\โอ๊ต.wav,85.8,86.9,none
C:\Users\muldi\Documents\Playground\University\senior-project-1\dataset\internet\clear\โอ๊ต.wav,86.9,88.0,none
C:\Users\muldi\Documents\Playground\University\senior-project-1\dataset\internet\clear\โอ๊ต.wav,88.0,89.1,none
C:\Users\muldi\Documents\Playground\University\senior-project-1\dataset\internet\clear\โอ๊ต.wav,89.1,90.2,none
C:\Users\muldi\Documents\Playground\University\senior-project-1\dataset\internet\clear\โอ๊ต.wav,90.2,91.3,none
C:\Users\muldi\Documents\Playground\University\senior-project-1\dataset\internet\clear\โอ๊ต.wav,91.3,92.4,none
C:\Users\muldi\Documents\Playground\University\senior-project-1\dataset\internet\clear\โอ๊ต.wav,92.4,93.5,none
C:\Users\muldi\Documents\Playground\University\senior-project-1\dataset\internet\clear\โอ๊ต.wav,93.5,94.6,none
C:\Users\muldi\Documents\Playground\University\senior-project-1\dataset\internet\clear\โอ๊ต.wav,94.6,95.7,none
C:\Users\muldi\Documents\Playground\University\senior-project-1\dataset\internet\clear\โอ๊ต.wav,95.7,96.8,none
C:\Users\muldi\Documents\Playground\University\senior-project-1\dataset\internet\clear\โอ๊ต.wav,96.8,97.9,none
C:\Users\muldi\Documents\Playground\University\senior-project-1\dataset\internet\clear\โอ๊ต.wav,97.9,99.0,none
C:\Users\muldi\Documents\Playground\University\senior-project-1\dataset\internet\clear\โอ๊ต.wav,99.0,100.1,none
C:\Users\muldi\Documents\Playground\University\senior-project-1\dataset\internet\clear\โอ๊ต.wav,100.1,101.2,none
C:\Users\muldi\Documents\Playground\University\senior-project-1\dataset\internet\clear\โอ๊ต.wav,101.2,102.3,none
C:\Users\muldi\Documents\Playground\University\senior-project-1\dataset\internet\clear\โอ๊ต.wav,102.3,103.4,none
C:\Users\muldi\Documents\Playground\University\senior-project-1\dataset\internet\clear\โอ๊ต.wav,103.4,104.5,none
C:\Users\muldi\Documents\Playground\University\senior-project-1\dataset\internet\clear\โอ๊ต.wav,104.5,105.6,none
C:\Users\muldi\Documents\Playground\University\senior-project-1\dataset\internet\clear\โอ๊ต.wav,105.6,106.7,none
C:\Users\muldi\Documents\Playground\University\senior-project-1\dataset\internet\clear\โอ๊ต.wav,106.7,107.8,none
C:\Users\muldi\Documents\Playground\University\senior-project-1\dataset\internet\clear\โอ๊ต.wav,107.8,108.9,none
C:\Users\muldi\Documents\Playground\University\senior-project-1\dataset\internet\clear\โอ๊ต.wav,108.9,110.0,none
C:\Users\muldi\Documents\Playground\University\senior-project-1\dataset\internet\clear\โอ๊ต.wav,110.0,111.1,none
C:\Users\muldi\Documents\Playground\University\senior-project-1\dataset\internet\clear\โอ๊ต.wav,111.1,112.2,none
C:\Users\muldi\Documents\Playground\University\senior-project-1\dataset\internet\clear\โอ๊ต.wav,112.2,113.3,none
C:\Users\muldi\Documents\Playground\University\senior-project-1\dataset\internet\clear\โอ๊ต.wav,113.3,114.4,none
C:\Users\muldi\Documents\Playground\University\senior-project-1\dataset\internet\clear\โอ๊ต.wav,114.4,115.5,none
C:\Users\muldi\Documents\Playground\University\senior-project-1\dataset\internet\clear\โอ๊ต.wav,115.5,116.6,none
C:\Users\muldi\Documents\Playground\University\senior-project-1\dataset\internet\clear\โอ๊ต.wav,116.6,117.7,none
C:\Users\muldi\Documents\Playground\University\senior-project-1\dataset\internet\clear\โอ๊ต.wav,117.7,118.8,none
C:\Users\muldi\Documents\Playground\University\senior-project-1\dataset\internet\clear\โอ๊ต.wav,118.8,119.9,none
C:\Users\muldi\Documents\Playground\University\senior-project-1\dataset\internet\clear\โอ๊ต.wav,119.9,121.0,none
C:\Users\muldi\Documents\Playground\University\senior-project-1\dataset\internet\clear\โอ๊ต.wav,121.0,122.1,none
C:\Users\muldi\Documents\Playground\University\senior-project-1\dataset\internet\clear\โอ๊ต.wav,122.1,123.2,none
C:\Users\muldi\Documents\Playground\University\senior-project-1\dataset\internet\clear\โอ๊ต.wav,123.2,124.3,none
C:\Users\muldi\Documents\Playground\University\senior-project-1\dataset\internet\clear\โอ๊ต.wav,124.3,125.4,none
C:\Users\muldi\Documents\Playground\University\senior-project-1\dataset\internet\clear\โอ๊ต.wav,125.4,126.5,none
C:\Users\muldi\Documents\Playground\University\senior-project-1\dataset\internet\clear\โอ๊ต.wav,126.5,127.6,กู
C:\Users\muldi\Documents\Playground\University\senior-project-1\dataset\internet\clear\โอ๊ต.wav,127.6,128.7,none
C:\Users\muldi\Documents\Playground\University\senior-project-1\dataset\internet\clear\โอ๊ต.wav,128.7,129.8,none
C:\Users\muldi\Documents\Playground\University\senior-project-1\dataset\internet\clear\โอ๊ต.wav,129.8,130.9,กู
C:\Users\muldi\Documents\Playground\University\senior-project-1\dataset\internet\clear\โอ๊ต.wav,130.9,132.0,none
C:\Users\muldi\Documents\Playground\University\senior-project-1\dataset\internet\clear\โอ๊ต.wav,132.0,133.1,none
C:\Users\muldi\Documents\Playground\University\senior-project-1\dataset\internet\clear\โอ๊ต.wav,133.1,134.2,none
C:\Users\muldi\Documents\Playground\University\senior-project-1\dataset\internet\clear\โอ๊ต.wav,134.2,135.3,none
C:\Users\muldi\Documents\Playground\University\senior-project-1\dataset\internet\clear\โอ๊ต.wav,135.3,136.4,none
C:\Users\muldi\Documents\Playground\University\senior-project-1\dataset\internet\clear\โอ๊ต.wav,136.4,137.5,none
C:\Users\muldi\Documents\Playground\University\senior-project-1\dataset\internet\clear\โอ๊ต.wav,137.5,138.6,none
C:\Users\muldi\Documents\Playground\University\senior-project-1\dataset\internet\clear\โอ๊ต.wav,138.6,139.7,none
C:\Users\muldi\Documents\Playground\University\senior-project-1\dataset\internet\clear\โอ๊ต.wav,139.7,140.8,none
C:\Users\muldi\Documents\Playground\University\senior-project-1\dataset\internet\clear\โอ๊ต.wav,140.8,141.9,none
C:\Users\muldi\Documents\Playground\University\senior-project-1\dataset\internet\clear\โอ๊ต.wav,141.9,143.0,none
C:\Users\muldi\Documents\Playground\University\senior-project-1\dataset\internet\clear\โอ๊ต.wav,143.0,144.1,none
C:\Users\muldi\Documents\Playground\University\senior-project-1\dataset\internet\clear\โอ๊ต.wav,144.1,145.2,กู
C:\Users\muldi\Documents\Playground\University\senior-project-1\dataset\internet\clear\โอ๊ต.wav,145.2,146.3,none
C:\Users\muldi\Documents\Playground\University\senior-project-1\dataset\internet\clear\โอ๊ต.wav,146.3,147.4,none
C:\Users\muldi\Documents\Playground\University\senior-project-1\dataset\internet\clear\โอ๊ต.wav,147.4,148.5,none
C:\Users\muldi\Documents\Playground\University\senior-project-1\dataset\internet\clear\โอ๊ต.wav,148.5,149.6,none
C:\Users\muldi\Documents\Playground\University\senior-project-1\dataset\internet\clear\โอ๊ต.wav,149.6,150.7,none
C:\Users\muldi\Documents\Playground\University\senior-project-1\dataset\internet\clear\โอ๊ต.wav,150.7,151.8,none
C:\Users\muldi\Documents\Playground\University\senior-project-1\dataset\internet\clear\โอ๊ต.wav,151.8,152.9,none
C:\Users\muldi\Documents\Playground\University\senior-project-1\dataset\internet\clear\โอ๊ต.wav,152.9,154.0,none
C:\Users\muldi\Documents\Playground\University\senior-project-1\dataset\internet\clear\โอ๊ต.wav,154.0,155.1,none
C:\Users\muldi\Documents\Playground\University\senior-project-1\dataset\internet\clear\โอ๊ต.wav,155.1,156.2,none
C:\Users\muldi\Documents\Playground\University\senior-project-1\dataset\internet\clear\โอ๊ต.wav,156.2,157.3,none
C:\Users\muldi\Documents\Playground\University\senior-project-1\dataset\internet\clear\โอ๊ต.wav,157.3,158.4,none
C:\Users\muldi\Documents\Playground\University\senior-project-1\dataset\internet\clear\โอ๊ต.wav,158.4,159.5,none
C:\Users\muldi\Documents\Playground\University\senior-project-1\dataset\internet\clear\โอ๊ต.wav,159.5,160.6,none
C:\Users\muldi\Documents\Playground\University\senior-project-1\dataset\internet\clear\โอ๊ต.wav,160.6,161.7,none
C:\Users\muldi\Documents\Playground\University\senior-project-1\dataset\internet\clear\โอ๊ต.wav,161.7,162.8,none
C:\Users\muldi\Documents\Playground\University\senior-project-1\dataset\internet\clear\โอ๊ต.wav,162.8,163.9,none
C:\Users\muldi\Documents\Playground\University\senior-project-1\dataset\internet\clear\โอ๊ต.wav,163.9,165.0,none
C:\Users\muldi\Documents\Playground\University\senior-project-1\dataset\internet\clear\โอ๊ต.wav,165.0,166.1,none
C:\Users\muldi\Documents\Playground\University\senior-project-1\dataset\internet\clear\โอ๊ต.wav,166.1,167.2,none
C:\Users\muldi\Documents\Playground\University\senior-project-1\dataset\internet\clear\โอ๊ต.wav,167.2,168.3,none
C:\Users\muldi\Documents\Playground\University\senior-project-1\dataset\internet\clear\โอ๊ต.wav,168.3,169.4,none
C:\Users\muldi\Documents\Playground\University\senior-project-1\dataset\internet\clear\โอ๊ต.wav,169.4,170.5,none
C:\Users\muldi\Documents\Playground\University\senior-project-1\dataset\internet\clear\โอ๊ต.wav,170.5,171.6,none
C:\Users\muldi\Documents\Playground\University\senior-project-1\dataset\internet\clear\โอ๊ต.wav,171.6,172.7,none
C:\Users\muldi\Documents\Playground\University\senior-project-1\dataset\internet\clear\โอ๊ต.wav,172.7,173.8,none
C:\Users\muldi\Documents\Playground\University\senior-project-1\dataset\internet\clear\โอ๊ต.wav,173.8,174.9,none
C:\Users\muldi\Documents\Playground\University\senior-project-1\dataset\internet\clear\โอ๊ต.wav,174.9,176.0,none
C:\Users\muldi\Documents\Playground\University\senior-project-1\dataset\internet\clear\โอ๊ต.wav,176.0,177.1,none
C:\Users\muldi\Documents\Playground\University\senior-project-1\dataset\internet\clear\โอ๊ต.wav,177.1,178.2,none
C:\Users\muldi\Documents\Playground\University\senior-project-1\dataset\internet\clear\โอ๊ต.wav,178.2,179.3,none
C:\Users\muldi\Documents\Playground\University\senior-project-1\dataset\internet\clear\โอ๊ต.wav,179.3,180.4,none
C:\Users\muldi\Documents\Playground\University\senior-project-1\dataset\internet\clear\โอ๊ต.wav,180.4,181.5,none
C:\Users\muldi\Documents\Playground\University\senior-project-1\dataset\internet\clear\โอ๊ต.wav,181.5,182.6,none
C:\Users\muldi\Documents\Playground\University\senior-project-1\dataset\internet\clear\โอ๊ต.wav,182.6,183.7,none
C:\Users\muldi\Documents\Playground\University\senior-project-1\dataset\internet\clear\โอ๊ต.wav,183.7,184.8,none
C:\Users\muldi\Documents\Playground\University\senior-project-1\dataset\internet\clear\โอ๊ต.wav,184.8,185.9,none
C:\Users\muldi\Documents\Playground\University\senior-project-1\dataset\internet\clear\โอ๊ต.wav,185.9,187.0,none
C:\Users\muldi\Documents\Playground\University\senior-project-1\dataset\internet\clear\โอ๊ต.wav,187.0,188.1,none
C:\Users\muldi\Documents\Playground\University\senior-project-1\dataset\internet\clear\โอ๊ต.wav,188.1,189.2,none
C:\Users\muldi\Documents\Playground\University\senior-project-1\dataset\internet\clear\โอ๊ต.wav,189.2,190.3,none
C:\Users\muldi\Documents\Playground\University\senior-project-1\dataset\internet\clear\โอ๊ต.wav,190.3,191.4,none
C:\Users\muldi\Documents\Playground\University\senior-project-1\dataset\internet\clear\โอ๊ต.wav,191.4,192.5,none
C:\Users\muldi\Documents\Playground\University\senior-project-1\dataset\internet\clear\โอ๊ต.wav,192.5,193.6,none
C:\Users\muldi\Documents\Playground\University\senior-project-1\dataset\internet\clear\โอ๊ต.wav,193.6,194.7,none
C:\Users\muldi\Documents\Playground\University\senior-project-1\dataset\internet\clear\โอ๊ต.wav,194.7,195.8,none
C:\Users\muldi\Documents\Playground\University\senior-project-1\dataset\internet\clear\โอ๊ต.wav,195.8,196.9,none
C:\Users\muldi\Documents\Playground\University\senior-project-1\dataset\internet\clear\โอ๊ต.wav,196.9,198.0,none
C:\Users\muldi\Documents\Playground\University\senior-project-1\dataset\internet\clear\โอ๊ต.wav,198.0,199.1,none
C:\Users\muldi\Documents\Playground\University\senior-project-1\dataset\internet\clear\โอ๊ต.wav,199.1,200.2,none
C:\Users\muldi\Documents\Playground\University\senior-project-1\dataset\internet\clear\โอ๊ต.wav,200.2,201.3,none
C:\Users\muldi\Documents\Playground\University\senior-project-1\dataset\internet\clear\โอ๊ต.wav,201.3,202.4,none
C:\Users\muldi\Documents\Playground\University\senior-project-1\dataset\internet\clear\โอ๊ต.wav,202.4,203.5,none
C:\Users\muldi\Documents\Playground\University\senior-project-1\dataset\internet\clear\โอ๊ต.wav,203.5,204.6,none
C:\Users\muldi\Documents\Playground\University\senior-project-1\dataset\internet\clear\โอ๊ต.wav,204.6,205.7,none
C:\Users\muldi\Documents\Playground\University\senior-project-1\dataset\internet\clear\โอ๊ต.wav,205.7,206.8,none
C:\Users\muldi\Documents\Playground\University\senior-project-1\dataset\internet\clear\โอ๊ต.wav,206.8,207.9,none
C:\Users\muldi\Documents\Playground\University\senior-project-1\dataset\internet\clear\โอ๊ต.wav,207.9,209.0,none
C:\Users\muldi\Documents\Playground\University\senior-project-1\dataset\internet\clear\โอ๊ต.wav,209.0,210.1,none
C:\Users\muldi\Documents\Playground\University\senior-project-1\dataset\internet\clear\โอ๊ต.wav,210.1,211.2,none
C:\Users\muldi\Documents\Playground\University\senior-project-1\dataset\internet\clear\โอ๊ต.wav,211.2,212.3,none
C:\Users\muldi\Documents\Playground\University\senior-project-1\dataset\internet\clear\โอ๊ต.wav,212.3,213.4,none
C:\Users\muldi\Documents\Playground\University\senior-project-1\dataset\internet\clear\โอ๊ต.wav,213.4,214.5,none
C:\Users\muldi\Documents\Playground\University\senior-project-1\dataset\internet\clear\โอ๊ต.wav,214.5,215.6,none
C:\Users\muldi\Documents\Playground\University\senior-project-1\dataset\internet\clear\โอ๊ต.wav,215.6,216.7,none
C:\Users\muldi\Documents\Playground\University\senior-project-1\dataset\internet\clear\โอ๊ต.wav,216.7,217.8,none
C:\Users\muldi\Documents\Playground\University\senior-project-1\dataset\internet\clear\โอ๊ต.wav,217.8,218.9,none
C:\Users\muldi\Documents\Playground\University\senior-project-1\dataset\internet\clear\โอ๊ต.wav,218.9,220.0,none
C:\Users\muldi\Documents\Playground\University\senior-project-1\dataset\internet\clear\โอ๊ต.wav,220.0,221.1,none
C:\Users\muldi\Documents\Playground\University\senior-project-1\dataset\internet\clear\โอ๊ต.wav,221.1,222.2,none
C:\Users\muldi\Documents\Playground\University\senior-project-1\dataset\internet\clear\โอ๊ต.wav,222.2,223.3,none
C:\Users\muldi\Documents\Playground\University\senior-project-1\dataset\internet\clear\โอ๊ต.wav,223.3,224.4,none
C:\Users\muldi\Documents\Playground\University\senior-project-1\dataset\internet\clear\โอ๊ต.wav,224.4,225.5,none
C:\Users\muldi\Documents\Playground\University\senior-project-1\dataset\internet\clear\โอ๊ต.wav,225.5,226.6,none
C:\Users\muldi\Documents\Playground\University\senior-project-1\dataset\internet\clear\โอ๊ต.wav,226.6,227.7,none
C:\Users\muldi\Documents\Playground\University\senior-project-1\dataset\internet\clear\โอ๊ต.wav,227.7,228.8,none
C:\Users\muldi\Documents\Playground\University\senior-project-1\dataset\internet\clear\โอ๊ต.wav,228.8,229.9,none
C:\Users\muldi\Documents\Playground\University\senior-project-1\dataset\internet\clear\โอ๊ต.wav,229.9,231.0,none
C:\Users\muldi\Documents\Playground\University\senior-project-1\dataset\internet\clear\โอ๊ต.wav,231.0,232.1,none
C:\Users\muldi\Documents\Playground\University\senior-project-1\dataset\internet\clear\โอ๊ต.wav,232.1,233.2,none
C:\Users\muldi\Documents\Playground\University\senior-project-1\dataset\internet\clear\โอ๊ต.wav,233.2,234.3,none
C:\Users\muldi\Documents\Playground\University\senior-project-1\dataset\internet\clear\โอ๊ต.wav,234.3,235.4,none
C:\Users\muldi\Documents\Playground\University\senior-project-1\dataset\internet\clear\โอ๊ต.wav,235.4,236.5,none
C:\Users\muldi\Documents\Playground\University\senior-project-1\dataset\internet\clear\โอ๊ต.wav,236.5,237.6,none
C:\Users\muldi\Documents\Playground\University\senior-project-1\dataset\internet\clear\โอ๊ต.wav,237.6,238.7,none
C:\Users\muldi\Documents\Playground\University\senior-project-1\dataset\internet\clear\โอ๊ต.wav,238.7,239.8,กู
C:\Users\muldi\Documents\Playground\University\senior-project-1\dataset\internet\clear\โอ๊ต.wav,239.8,240.9,none
C:\Users\muldi\Documents\Playground\University\senior-project-1\dataset\internet\clear\โอ๊ต.wav,240.9,242.0,none
C:\Users\muldi\Documents\Playground\University\senior-project-1\dataset\internet\clear\โอ๊ต.wav,242.0,243.1,none
C:\Users\muldi\Documents\Playground\University\senior-project-1\dataset\internet\clear\โอ๊ต.wav,243.1,244.2,none
C:\Users\muldi\Documents\Playground\University\senior-project-1\dataset\internet\clear\โอ๊ต.wav,244.2,245.3,none
C:\Users\muldi\Documents\Playground\University\senior-project-1\dataset\internet\clear\โอ๊ต.wav,245.3,246.4,none
C:\Users\muldi\Documents\Playground\University\senior-project-1\dataset\internet\clear\โอ๊ต.wav,246.4,247.5,none
C:\Users\muldi\Documents\Playground\University\senior-project-1\dataset\internet\clear\โอ๊ต.wav,247.5,248.6,none
C:\Users\muldi\Documents\Playground\University\senior-project-1\dataset\internet\clear\โอ๊ต.wav,248.6,249.7,none
C:\Users\muldi\Documents\Playground\University\senior-project-1\dataset\internet\clear\โอ๊ต.wav,249.7,250.8,none
C:\Users\muldi\Documents\Playground\University\senior-project-1\dataset\internet\clear\โอ๊ต.wav,250.8,251.9,none
C:\Users\muldi\Documents\Playground\University\senior-project-1\dataset\internet\clear\โอ๊ต.wav,251.9,253.0,none
C:\Users\muldi\Documents\Playground\University\senior-project-1\dataset\internet\clear\โอ๊ต.wav,253.0,254.1,none
C:\Users\muldi\Documents\Playground\University\senior-project-1\dataset\internet\clear\โอ๊ต.wav,254.1,255.2,none
C:\Users\muldi\Documents\Playground\University\senior-project-1\dataset\internet\clear\โอ๊ต.wav,255.2,256.3,none
C:\Users\muldi\Documents\Playground\University\senior-project-1\dataset\internet\clear\โอ๊ต.wav,256.3,257.4,none
C:\Users\muldi\Documents\Playground\University\senior-project-1\dataset\internet\clear\โอ๊ต.wav,257.4,258.5,none
C:\Users\muldi\Documents\Playground\University\senior-project-1\dataset\internet\clear\โอ๊ต.wav,258.5,259.6,none
C:\Users\muldi\Documents\Playground\University\senior-project-1\dataset\internet\clear\โอ๊ต.wav,259.6,260.7,none
C:\Users\muldi\Documents\Playground\University\senior-project-1\dataset\internet\clear\โอ๊ต.wav,260.7,261.8,none
C:\Users\muldi\Documents\Playground\University\senior-project-1\dataset\internet\clear\โอ๊ต.wav,261.8,262.9,none
C:\Users\muldi\Documents\Playground\University\senior-project-1\dataset\internet\clear\โอ๊ต.wav,262.9,264.0,none
C:\Users\muldi\Documents\Playground\University\senior-project-1\dataset\internet\clear\โอ๊ต.wav,264.0,265.1,none
C:\Users\muldi\Documents\Playground\University\senior-project-1\dataset\internet\clear\โอ๊ต.wav,265.1,266.2,none
C:\Users\muldi\Documents\Playground\University\senior-project-1\dataset\internet\clear\โอ๊ต.wav,266.2,267.3,none
C:\Users\muldi\Documents\Playground\University\senior-project-1\dataset\internet\clear\โอ๊ต.wav,267.3,268.4,none
C:\Users\muldi\Documents\Playground\University\senior-project-1\dataset\internet\clear\โอ๊ต.wav,268.4,269.5,none
C:\Users\muldi\Documents\Playground\University\senior-project-1\dataset\internet\clear\โอ๊ต.wav,269.5,270.6,none
C:\Users\muldi\Documents\Playground\University\senior-project-1\dataset\internet\clear\โอ๊ต.wav,270.6,271.7,none
C:\Users\muldi\Documents\Playground\University\senior-project-1\dataset\internet\clear\โอ๊ต.wav,271.7,272.8,none
C:\Users\muldi\Documents\Playground\University\senior-project-1\dataset\internet\clear\โอ๊ต.wav,272.8,273.9,กู
C:\Users\muldi\Documents\Playground\University\senior-project-1\dataset\internet\clear\โอ๊ต.wav,273.9,275.0,none
C:\Users\muldi\Documents\Playground\University\senior-project-1\dataset\internet\clear\โอ๊ต.wav,275.0,276.1,none
C:\Users\muldi\Documents\Playground\University\senior-project-1\dataset\internet\clear\โอ๊ต.wav,276.1,277.2,none
C:\Users\muldi\Documents\Playground\University\senior-project-1\dataset\internet\clear\โอ๊ต.wav,277.2,278.3,none
C:\Users\muldi\Documents\Playground\University\senior-project-1\dataset\internet\clear\โอ๊ต.wav,278.3,279.4,none
C:\Users\muldi\Documents\Playground\University\senior-project-1\dataset\internet\clear\โอ๊ต.wav,279.4,280.5,none
C:\Users\muldi\Documents\Playground\University\senior-project-1\dataset\internet\clear\โอ๊ต.wav,280.5,281.6,none
C:\Users\muldi\Documents\Playground\University\senior-project-1\dataset\internet\clear\โอ๊ต.wav,281.6,282.7,none
C:\Users\muldi\Documents\Playground\University\senior-project-1\dataset\internet\clear\โอ๊ต.wav,282.7,283.8,none
C:\Users\muldi\Documents\Playground\University\senior-project-1\dataset\internet\clear\โอ๊ต.wav,283.8,284.9,none
C:\Users\muldi\Documents\Playground\University\senior-project-1\dataset\internet\clear\โอ๊ต.wav,284.9,286.0,none
C:\Users\muldi\Documents\Playground\University\senior-project-1\dataset\internet\clear\โอ๊ต.wav,286.0,287.1,none
C:\Users\muldi\Documents\Playground\University\senior-project-1\dataset\internet\clear\โอ๊ต.wav,287.1,288.2,none
C:\Users\muldi\Documents\Playground\University\senior-project-1\dataset\internet\clear\โอ๊ต.wav,288.2,289.3,none
C:\Users\muldi\Documents\Playground\University\senior-project-1\dataset\internet\clear\โอ๊ต.wav,289.3,290.4,none
C:\Users\muldi\Documents\Playground\University\senior-project-1\dataset\internet\clear\โอ๊ต.wav,290.4,291.5,none
C:\Users\muldi\Documents\Playground\University\senior-project-1\dataset\internet\clear\โอ๊ต.wav,291.5,292.6,none
C:\Users\muldi\Documents\Playground\University\senior-project-1\dataset\internet\clear\โอ๊ต.wav,292.6,293.7,none
C:\Users\muldi\Documents\Playground\University\senior-project-1\dataset\internet\clear\โอ๊ต.wav,293.7,294.8,none
C:\Users\muldi\Documents\Playground\University\senior-project-1\dataset\internet\clear\โอ๊ต.wav,294.8,295.9,none
C:\Users\muldi\Documents\Playground\University\senior-project-1\dataset\internet\clear\โอ๊ต.wav,295.9,297.0,none
C:\Users\muldi\Documents\Playground\University\senior-project-1\dataset\internet\clear\โอ๊ต.wav,297.0,298.1,none
C:\Users\muldi\Documents\Playground\University\senior-project-1\dataset\internet\clear\โอ๊ต.wav,298.1,299.2,none
C:\Users\muldi\Documents\Playground\University\senior-project-1\dataset\internet\clear\โอ๊ต.wav,299.2,300.3,none
C:\Users\muldi\Documents\Playground\University\senior-project-1\dataset\internet\clear\โอ๊ต.wav,300.3,301.4,none
C:\Users\muldi\Documents\Playground\University\senior-project-1\dataset\internet\clear\โอ๊ต.wav,301.4,302.5,none
C:\Users\muldi\Documents\Playground\University\senior-project-1\dataset\internet\clear\โอ๊ต.wav,302.5,303.6,none
C:\Users\muldi\Documents\Playground\University\senior-project-1\dataset\internet\clear\โอ๊ต.wav,303.6,304.7,none
C:\Users\muldi\Documents\Playground\University\senior-project-1\dataset\internet\clear\โอ๊ต.wav,304.7,305.8,none
C:\Users\muldi\Documents\Playground\University\senior-project-1\dataset\internet\clear\โอ๊ต.wav,305.8,306.9,none
C:\Users\muldi\Documents\Playground\University\senior-project-1\dataset\internet\clear\โอ๊ต.wav,306.9,308.0,none
C:\Users\muldi\Documents\Playground\University\senior-project-1\dataset\internet\clear\โอ๊ต.wav,308.0,309.1,none
C:\Users\muldi\Documents\Playground\University\senior-project-1\dataset\internet\clear\โอ๊ต.wav,309.1,310.2,none
C:\Users\muldi\Documents\Playground\University\senior-project-1\dataset\internet\clear\โอ๊ต.wav,310.2,311.3,none
C:\Users\muldi\Documents\Playground\University\senior-project-1\dataset\internet\clear\โอ๊ต.wav,311.3,312.4,none
C:\Users\muldi\Documents\Playground\University\senior-project-1\dataset\internet\clear\โอ๊ต.wav,312.4,313.5,none
C:\Users\muldi\Documents\Playground\University\senior-project-1\dataset\internet\clear\โอ๊ต.wav,313.5,314.6,none
C:\Users\muldi\Documents\Playground\University\senior-project-1\dataset\internet\clear\โอ๊ต.wav,314.6,315.7,none
C:\Users\muldi\Documents\Playground\University\senior-project-1\dataset\internet\clear\โอ๊ต.wav,315.7,316.8,none
C:\Users\muldi\Documents\Playground\University\senior-project-1\dataset\internet\clear\โอ๊ต.wav,316.8,317.9,none
C:\Users\muldi\Documents\Playground\University\senior-project-1\dataset\internet\clear\โอ๊ต.wav,317.9,319.0,none
C:\Users\muldi\Documents\Playground\University\senior-project-1\dataset\internet\clear\โอ๊ต.wav,319.0,320.1,none
C:\Users\muldi\Documents\Playground\University\senior-project-1\dataset\internet\clear\โอ๊ต.wav,320.1,321.2,none
C:\Users\muldi\Documents\Playground\University\senior-project-1\dataset\internet\clear\โอ๊ต.wav,321.2,322.3,none
C:\Users\muldi\Documents\Playground\University\senior-project-1\dataset\internet\clear\โอ๊ต.wav,322.3,323.4,none
C:\Users\muldi\Documents\Playground\University\senior-project-1\dataset\internet\clear\โอ๊ต.wav,323.4,324.5,none
C:\Users\muldi\Documents\Playground\University\senior-project-1\dataset\internet\clear\โอ๊ต.wav,324.5,325.6,none
C:\Users\muldi\Documents\Playground\University\senior-project-1\dataset\internet\clear\โอ๊ต.wav,325.6,326.7,none
C:\Users\muldi\Documents\Playground\University\senior-project-1\dataset\internet\clear\โอ๊ต.wav,326.7,327.8,none
C:\Users\muldi\Documents\Playground\University\senior-project-1\dataset\internet\clear\โอ๊ต.wav,327.8,328.9,none
C:\Users\muldi\Documents\Playground\University\senior-project-1\dataset\internet\clear\โอ๊ต.wav,328.9,330.0,none
C:\Users\muldi\Documents\Playground\University\senior-project-1\dataset\internet\clear\โอ๊ต.wav,330.0,331.1,none
C:\Users\muldi\Documents\Playground\University\senior-project-1\dataset\internet\clear\โอ๊ต.wav,331.1,332.2,none
C:\Users\muldi\Documents\Playground\University\senior-project-1\dataset\internet\clear\โอ๊ต.wav,332.2,333.3,none
C:\Users\muldi\Documents\Playground\University\senior-project-1\dataset\internet\clear\โอ๊ต.wav,333.3,334.4,none
C:\Users\muldi\Documents\Playground\University\senior-project-1\dataset\internet\clear\โอ๊ต.wav,334.4,335.5,none
C:\Users\muldi\Documents\Playground\University\senior-project-1\dataset\internet\clear\โอ๊ต.wav,335.5,336.6,none
C:\Users\muldi\Documents\Playground\University\senior-project-1\dataset\internet\clear\โอ๊ต.wav,336.6,337.7,none
C:\Users\muldi\Documents\Playground\University\senior-project-1\dataset\internet\clear\โอ๊ต.wav,337.7,338.8,none
C:\Users\muldi\Documents\Playground\University\senior-project-1\dataset\internet\clear\โอ๊ต.wav,338.8,339.9,none
C:\Users\muldi\Documents\Playground\University\senior-project-1\dataset\internet\clear\โอ๊ต.wav,339.9,341.0,none
C:\Users\muldi\Documents\Playground\University\senior-project-1\dataset\internet\clear\โอ๊ต.wav,341.0,342.1,none
C:\Users\muldi\Documents\Playground\University\senior-project-1\dataset\internet\clear\โอ๊ต.wav,342.1,343.2,none
C:\Users\muldi\Documents\Playground\University\senior-project-1\dataset\internet\clear\โอ๊ต.wav,343.2,344.3,none
C:\Users\muldi\Documents\Playground\University\senior-project-1\dataset\internet\clear\โอ๊ต.wav,344.3,345.4,none
C:\Users\muldi\Documents\Playground\University\senior-project-1\dataset\internet\clear\โอ๊ต.wav,345.4,346.5,none
C:\Users\muldi\Documents\Playground\University\senior-project-1\dataset\internet\clear\โอ๊ต.wav,346.5,347.6,none
C:\Users\muldi\Documents\Playground\University\senior-project-1\dataset\internet\clear\โอ๊ต.wav,347.6,348.7,none
C:\Users\muldi\Documents\Playground\University\senior-project-1\dataset\internet\clear\โอ๊ต.wav,348.7,349.8,none
C:\Users\muldi\Documents\Playground\University\senior-project-1\dataset\internet\clear\โอ๊ต.wav,349.8,350.9,none
C:\Users\muldi\Documents\Playground\University\senior-project-1\dataset\internet\clear\โอ๊ต.wav,350.9,352.0,none
C:\Users\muldi\Documents\Playground\University\senior-project-1\dataset\internet\clear\โอ๊ต.wav,352.0,353.1,none
C:\Users\muldi\Documents\Playground\University\senior-project-1\dataset\internet\clear\โอ๊ต.wav,353.1,354.2,none
C:\Users\muldi\Documents\Playground\University\senior-project-1\dataset\internet\clear\โอ๊ต.wav,354.2,355.3,none
C:\Users\muldi\Documents\Playground\University\senior-project-1\dataset\internet\clear\โอ๊ต.wav,355.3,356.4,none
C:\Users\muldi\Documents\Playground\University\senior-project-1\dataset\internet\clear\โอ๊ต.wav,356.4,357.5,none
C:\Users\muldi\Documents\Playground\University\senior-project-1\dataset\internet\clear\โอ๊ต.wav,357.5,358.6,none
C:\Users\muldi\Documents\Playground\University\senior-project-1\dataset\internet\clear\โอ๊ต.wav,358.6,359.7,none
C:\Users\muldi\Documents\Playground\University\senior-project-1\dataset\internet\clear\โอ๊ต.wav,359.7,360.8,none
C:\Users\muldi\Documents\Playground\University\senior-project-1\dataset\internet\clear\โอ๊ต.wav,360.8,361.9,none
C:\Users\muldi\Documents\Playground\University\senior-project-1\dataset\internet\clear\โอ๊ต.wav,361.9,363.0,none
C:\Users\muldi\Documents\Playground\University\senior-project-1\dataset\internet\clear\โอ๊ต.wav,363.0,364.1,none
C:\Users\muldi\Documents\Playground\University\senior-project-1\dataset\internet\clear\โอ๊ต.wav,364.1,365.2,none
C:\Users\muldi\Documents\Playground\University\senior-project-1\dataset\internet\clear\โอ๊ต.wav,365.2,366.3,none
C:\Users\muldi\Documents\Playground\University\senior-project-1\dataset\internet\clear\โอ๊ต.wav,366.3,367.4,none
C:\Users\muldi\Documents\Playground\University\senior-project-1\dataset\internet\clear\โอ๊ต.wav,367.4,368.5,none
C:\Users\muldi\Documents\Playground\University\senior-project-1\dataset\internet\clear\โอ๊ต.wav,368.5,369.6,none
C:\Users\muldi\Documents\Playground\University\senior-project-1\dataset\internet\clear\โอ๊ต.wav,369.6,370.7,none
C:\Users\muldi\Documents\Playground\University\senior-project-1\dataset\internet\clear\โอ๊ต.wav,370.7,371.8,none
C:\Users\muldi\Documents\Playground\University\senior-project-1\dataset\internet\clear\โอ๊ต.wav,371.8,372.9,none
C:\Users\muldi\Documents\Playground\University\senior-project-1\dataset\internet\clear\โอ๊ต.wav,372.9,374.0,none
C:\Users\muldi\Documents\Playground\University\senior-project-1\dataset\internet\clear\โอ๊ต.wav,374.0,375.1,none
C:\Users\muldi\Documents\Playground\University\senior-project-1\dataset\internet\clear\โอ๊ต.wav,375.1,376.2,none
C:\Users\muldi\Documents\Playground\University\senior-project-1\dataset\internet\clear\โอ๊ต.wav,376.2,377.3,none
C:\Users\muldi\Documents\Playground\University\senior-project-1\dataset\internet\clear\โอ๊ต.wav,377.3,378.4,none
C:\Users\muldi\Documents\Playground\University\senior-project-1\dataset\internet\clear\โอ๊ต.wav,378.4,379.5,none
C:\Users\muldi\Documents\Playground\University\senior-project-1\dataset\internet\clear\โอ๊ต.wav,379.5,380.6,none
C:\Users\muldi\Documents\Playground\University\senior-project-1\dataset\internet\clear\โอ๊ต.wav,380.6,381.7,none
C:\Users\muldi\Documents\Playground\University\senior-project-1\dataset\internet\clear\โอ๊ต.wav,381.7,382.8,none
C:\Users\muldi\Documents\Playground\University\senior-project-1\dataset\internet\clear\โอ๊ต.wav,382.8,383.9,none
C:\Users\muldi\Documents\Playground\University\senior-project-1\dataset\internet\clear\โอ๊ต.wav,383.9,385.0,none
C:\Users\muldi\Documents\Playground\University\senior-project-1\dataset\internet\clear\โอ๊ต.wav,385.0,386.1,none
C:\Users\muldi\Documents\Playground\University\senior-project-1\dataset\internet\clear\โอ๊ต.wav,386.1,387.2,none
C:\Users\muldi\Documents\Playground\University\senior-project-1\dataset\internet\clear\โอ๊ต.wav,387.2,388.3,none
C:\Users\muldi\Documents\Playground\University\senior-project-1\dataset\internet\clear\โอ๊ต.wav,388.3,389.4,none
C:\Users\muldi\Documents\Playground\University\senior-project-1\dataset\internet\clear\โอ๊ต.wav,389.4,390.5,none
C:\Users\muldi\Documents\Playground\University\senior-project-1\dataset\internet\clear\โอ๊ต.wav,390.5,391.6,none
C:\Users\muldi\Documents\Playground\University\senior-project-1\dataset\internet\clear\โอ๊ต.wav,391.6,392.7,none
C:\Users\muldi\Documents\Playground\University\senior-project-1\dataset\internet\clear\โอ๊ต.wav,392.7,393.8,none
C:\Users\muldi\Documents\Playground\University\senior-project-1\dataset\internet\clear\โอ๊ต.wav,393.8,394.9,none
C:\Users\muldi\Documents\Playground\University\senior-project-1\dataset\internet\clear\โอ๊ต.wav,394.9,396.0,none
C:\Users\muldi\Documents\Playground\University\senior-project-1\dataset\internet\clear\โอ๊ต.wav,396.0,397.1,none
C:\Users\muldi\Documents\Playground\University\senior-project-1\dataset\internet\clear\โอ๊ต.wav,397.1,398.2,none
C:\Users\muldi\Documents\Playground\University\senior-project-1\dataset\internet\clear\โอ๊ต.wav,398.2,399.3,none
C:\Users\muldi\Documents\Playground\University\senior-project-1\dataset\internet\clear\โอ๊ต.wav,399.3,400.4,none
C:\Users\muldi\Documents\Playground\University\senior-project-1\dataset\internet\clear\โอ๊ต.wav,400.4,401.5,none
C:\Users\muldi\Documents\Playground\University\senior-project-1\dataset\internet\clear\โอ๊ต.wav,401.5,402.6,none
C:\Users\muldi\Documents\Playground\University\senior-project-1\dataset\internet\clear\โอ๊ต.wav,402.6,403.7,none
C:\Users\muldi\Documents\Playground\University\senior-project-1\dataset\internet\clear\โอ๊ต.wav,403.7,404.8,none
C:\Users\muldi\Documents\Playground\University\senior-project-1\dataset\internet\clear\โอ๊ต.wav,404.8,405.9,none
C:\Users\muldi\Documents\Playground\University\senior-project-1\dataset\internet\clear\โอ๊ต.wav,405.9,407.0,none
C:\Users\muldi\Documents\Playground\University\senior-project-1\dataset\internet\clear\โอ๊ต.wav,407.0,408.1,none
C:\Users\muldi\Documents\Playground\University\senior-project-1\dataset\internet\clear\โอ๊ต.wav,408.1,409.2,none
C:\Users\muldi\Documents\Playground\University\senior-project-1\dataset\internet\clear\โอ๊ต.wav,409.2,410.3,none
C:\Users\muldi\Documents\Playground\University\senior-project-1\dataset\internet\clear\โอ๊ต.wav,410.3,411.4,none
C:\Users\muldi\Documents\Playground\University\senior-project-1\dataset\internet\clear\โอ๊ต.wav,411.4,412.5,none
C:\Users\muldi\Documents\Playground\University\senior-project-1\dataset\internet\clear\โอ๊ต.wav,412.5,413.6,none
C:\Users\muldi\Documents\Playground\University\senior-project-1\dataset\internet\clear\โอ๊ต.wav,413.6,414.7,none
C:\Users\muldi\Documents\Playground\University\senior-project-1\dataset\internet\clear\โอ๊ต.wav,414.7,415.8,none
C:\Users\muldi\Documents\Playground\University\senior-project-1\dataset\internet\clear\โอ๊ต.wav,415.8,416.9,none
C:\Users\muldi\Documents\Playground\University\senior-project-1\dataset\internet\clear\โอ๊ต.wav,416.9,418.0,none
C:\Users\muldi\Documents\Playground\University\senior-project-1\dataset\internet\clear\โอ๊ต.wav,418.0,419.1,none
C:\Users\muldi\Documents\Playground\University\senior-project-1\dataset\internet\clear\โอ๊ต.wav,419.1,420.2,none
C:\Users\muldi\Documents\Playground\University\senior-project-1\dataset\internet\clear\โอ๊ต.wav,420.2,421.3,none
C:\Users\muldi\Documents\Playground\University\senior-project-1\dataset\internet\clear\โอ๊ต.wav,421.3,422.4,none
C:\Users\muldi\Documents\Playground\University\senior-project-1\dataset\internet\clear\โอ๊ต.wav,422.4,423.5,none
C:\Users\muldi\Documents\Playground\University\senior-project-1\dataset\internet\clear\โอ๊ต.wav,423.5,424.6,none
C:\Users\muldi\Documents\Playground\University\senior-project-1\dataset\internet\clear\โอ๊ต.wav,424.6,425.7,none
C:\Users\muldi\Documents\Playground\University\senior-project-1\dataset\internet\clear\โอ๊ต.wav,425.7,426.8,none
C:\Users\muldi\Documents\Playground\University\senior-project-1\dataset\internet\clear\โอ๊ต.wav,426.8,427.9,none
C:\Users\muldi\Documents\Playground\University\senior-project-1\dataset\internet\clear\โอ๊ต.wav,427.9,429.0,none
C:\Users\muldi\Documents\Playground\University\senior-project-1\dataset\internet\clear\โอ๊ต.wav,429.0,430.1,none
C:\Users\muldi\Documents\Playground\University\senior-project-1\dataset\internet\clear\โอ๊ต.wav,430.1,431.2,none
C:\Users\muldi\Documents\Playground\University\senior-project-1\dataset\internet\clear\โอ๊ต.wav,431.2,432.3,none
C:\Users\muldi\Documents\Playground\University\senior-project-1\dataset\internet\clear\โอ๊ต.wav,432.3,433.4,none
C:\Users\muldi\Documents\Playground\University\senior-project-1\dataset\internet\clear\โอ๊ต.wav,433.4,434.5,none
C:\Users\muldi\Documents\Playground\University\senior-project-1\dataset\internet\clear\โอ๊ต.wav,434.5,435.6,none
C:\Users\muldi\Documents\Playground\University\senior-project-1\dataset\internet\clear\โอ๊ต.wav,435.6,436.7,none
C:\Users\muldi\Documents\Playground\University\senior-project-1\dataset\internet\clear\โอ๊ต.wav,436.7,437.8,none
C:\Users\muldi\Documents\Playground\University\senior-project-1\dataset\internet\clear\โอ๊ต.wav,437.8,438.9,none
C:\Users\muldi\Documents\Playground\University\senior-project-1\dataset\internet\clear\โอ๊ต.wav,438.9,440.0,none
C:\Users\muldi\Documents\Playground\University\senior-project-1\dataset\internet\clear\โอ๊ต.wav,440.0,441.1,none
C:\Users\muldi\Documents\Playground\University\senior-project-1\dataset\internet\clear\โอ๊ต.wav,441.1,442.2,none
C:\Users\muldi\Documents\Playground\University\senior-project-1\dataset\internet\clear\โอ๊ต.wav,442.2,443.3,none
C:\Users\muldi\Documents\Playground\University\senior-project-1\dataset\internet\clear\โอ๊ต.wav,443.3,444.4,none
C:\Users\muldi\Documents\Playground\University\senior-project-1\dataset\internet\clear\โอ๊ต.wav,444.4,445.5,none
C:\Users\muldi\Documents\Playground\University\senior-project-1\dataset\internet\clear\โอ๊ต.wav,445.5,446.6,none
C:\Users\muldi\Documents\Playground\University\senior-project-1\dataset\internet\clear\โอ๊ต.wav,446.6,447.7,none
C:\Users\muldi\Documents\Playground\University\senior-project-1\dataset\internet\clear\โอ๊ต.wav,447.7,448.8,none
C:\Users\muldi\Documents\Playground\University\senior-project-1\dataset\internet\clear\โอ๊ต.wav,448.8,449.9,none
C:\Users\muldi\Documents\Playground\University\senior-project-1\dataset\internet\clear\โอ๊ต.wav,449.9,451.0,none
C:\Users\muldi\Documents\Playground\University\senior-project-1\dataset\internet\clear\โอ๊ต.wav,451.0,452.1,none
C:\Users\muldi\Documents\Playground\University\senior-project-1\dataset\internet\clear\โอ๊ต.wav,452.1,453.2,none
C:\Users\muldi\Documents\Playground\University\senior-project-1\dataset\internet\clear\โอ๊ต.wav,453.2,454.3,none
C:\Users\muldi\Documents\Playground\University\senior-project-1\dataset\internet\clear\โอ๊ต.wav,454.3,455.4,none
C:\Users\muldi\Documents\Playground\University\senior-project-1\dataset\internet\clear\โอ๊ต.wav,455.4,456.5,none
C:\Users\muldi\Documents\Playground\University\senior-project-1\dataset\internet\clear\โอ๊ต.wav,456.5,457.6,none
C:\Users\muldi\Documents\Playground\University\senior-project-1\dataset\internet\clear\โอ๊ต.wav,457.6,458.7,none
C:\Users\muldi\Documents\Playground\University\senior-project-1\dataset\internet\clear\โอ๊ต.wav,458.7,459.8,none
C:\Users\muldi\Documents\Playground\University\senior-project-1\dataset\internet\clear\โอ๊ต.wav,459.8,460.9,none
C:\Users\muldi\Documents\Playground\University\senior-project-1\dataset\internet\clear\โอ๊ต.wav,460.9,462.0,none
C:\Users\muldi\Documents\Playground\University\senior-project-1\dataset\internet\clear\โอ๊ต.wav,462.0,463.1,none
C:\Users\muldi\Documents\Playground\University\senior-project-1\dataset\internet\clear\โอ๊ต.wav,463.1,464.2,none
C:\Users\muldi\Documents\Playground\University\senior-project-1\dataset\internet\clear\โอ๊ต.wav,464.2,465.3,none
C:\Users\muldi\Documents\Playground\University\senior-project-1\dataset\internet\clear\โอ๊ต.wav,465.3,466.4,none
C:\Users\muldi\Documents\Playground\University\senior-project-1\dataset\internet\clear\โอ๊ต.wav,466.4,467.5,none
C:\Users\muldi\Documents\Playground\University\senior-project-1\dataset\internet\clear\โอ๊ต.wav,467.5,468.6,none
C:\Users\muldi\Documents\Playground\University\senior-project-1\dataset\internet\clear\โอ๊ต.wav,468.6,469.7,none
C:\Users\muldi\Documents\Playground\University\senior-project-1\dataset\internet\clear\โอ๊ต.wav,469.7,470.8,none
C:\Users\muldi\Documents\Playground\University\senior-project-1\dataset\internet\clear\โอ๊ต.wav,470.8,471.9,none
C:\Users\muldi\Documents\Playground\University\senior-project-1\dataset\internet\clear\โอ๊ต.wav,471.9,473.0,none
C:\Users\muldi\Documents\Playground\University\senior-project-1\dataset\internet\clear\โอ๊ต.wav,473.0,474.1,none
C:\Users\muldi\Documents\Playground\University\senior-project-1\dataset\internet\clear\โอ๊ต.wav,474.1,475.2,none
C:\Users\muldi\Documents\Playground\University\senior-project-1\dataset\internet\clear\โอ๊ต.wav,475.2,476.3,none
C:\Users\muldi\Documents\Playground\University\senior-project-1\dataset\internet\clear\โอ๊ต.wav,476.3,477.4,none
C:\Users\muldi\Documents\Playground\University\senior-project-1\dataset\internet\clear\โอ๊ต.wav,477.4,478.5,none
C:\Users\muldi\Documents\Playground\University\senior-project-1\dataset\internet\clear\โอ๊ต.wav,478.5,479.6,none
C:\Users\muldi\Documents\Playground\University\senior-project-1\dataset\internet\clear\โอ๊ต.wav,479.6,480.7,none
C:\Users\muldi\Documents\Playground\University\senior-project-1\dataset\internet\clear\โอ๊ต.wav,480.7,481.8,none
C:\Users\muldi\Documents\Playground\University\senior-project-1\dataset\internet\clear\โอ๊ต.wav,481.8,482.9,none
C:\Users\muldi\Documents\Playground\University\senior-project-1\dataset\internet\clear\โอ๊ต.wav,482.9,484.0,none
C:\Users\muldi\Documents\Playground\University\senior-project-1\dataset\internet\clear\โอ๊ต.wav,484.0,485.1,none
C:\Users\muldi\Documents\Playground\University\senior-project-1\dataset\internet\clear\โอ๊ต.wav,485.1,486.2,none
C:\Users\muldi\Documents\Playground\University\senior-project-1\dataset\internet\clear\โอ๊ต.wav,486.2,487.3,none
C:\Users\muldi\Documents\Playground\University\senior-project-1\dataset\internet\clear\โอ๊ต.wav,487.3,488.4,none
C:\Users\muldi\Documents\Playground\University\senior-project-1\dataset\internet\clear\โอ๊ต.wav,488.4,489.5,none
C:\Users\muldi\Documents\Playground\University\senior-project-1\dataset\internet\clear\โอ๊ต.wav,489.5,490.6,none
C:\Users\muldi\Documents\Playground\University\senior-project-1\dataset\internet\clear\โอ๊ต.wav,490.6,491.7,none
C:\Users\muldi\Documents\Playground\University\senior-project-1\dataset\internet\clear\โอ๊ต.wav,491.7,492.8,none
C:\Users\muldi\Documents\Playground\University\senior-project-1\dataset\internet\clear\โอ๊ต.wav,492.8,493.9,none
C:\Users\muldi\Documents\Playground\University\senior-project-1\dataset\internet\clear\โอ๊ต.wav,493.9,495.0,none
C:\Users\muldi\Documents\Playground\University\senior-project-1\dataset\internet\clear\โอ๊ต.wav,495.0,496.1,none
C:\Users\muldi\Documents\Playground\University\senior-project-1\dataset\internet\clear\โอ๊ต.wav,496.1,497.2,none
C:\Users\muldi\Documents\Playground\University\senior-project-1\dataset\internet\clear\โอ๊ต.wav,497.2,498.3,none
C:\Users\muldi\Documents\Playground\University\senior-project-1\dataset\internet\clear\โอ๊ต.wav,498.3,499.4,none
C:\Users\muldi\Documents\Playground\University\senior-project-1\dataset\internet\clear\โอ๊ต.wav,499.4,500.5,none
C:\Users\muldi\Documents\Playground\University\senior-project-1\dataset\internet\clear\โอ๊ต.wav,500.5,501.6,none
C:\Users\muldi\Documents\Playground\University\senior-project-1\dataset\internet\clear\โอ๊ต.wav,501.6,502.7,none
C:\Users\muldi\Documents\Playground\University\senior-project-1\dataset\internet\clear\โอ๊ต.wav,502.7,503.8,none
C:\Users\muldi\Documents\Playground\University\senior-project-1\dataset\internet\clear\โอ๊ต.wav,503.8,504.9,none
C:\Users\muldi\Documents\Playground\University\senior-project-1\dataset\internet\clear\โอ๊ต.wav,504.9,506.0,none
C:\Users\muldi\Documents\Playground\University\senior-project-1\dataset\internet\clear\โอ๊ต.wav,506.0,507.1,none
C:\Users\muldi\Documents\Playground\University\senior-project-1\dataset\internet\clear\โอ๊ต.wav,507.1,508.2,none
C:\Users\muldi\Documents\Playground\University\senior-project-1\dataset\internet\clear\โอ๊ต.wav,508.2,509.3,none
C:\Users\muldi\Documents\Playground\University\senior-project-1\dataset\internet\clear\โอ๊ต.wav,509.3,510.4,none
C:\Users\muldi\Documents\Playground\University\senior-project-1\dataset\internet\clear\โอ๊ต.wav,510.4,511.5,none
C:\Users\muldi\Documents\Playground\University\senior-project-1\dataset\internet\clear\โอ๊ต.wav,511.5,512.6,none
C:\Users\muldi\Documents\Playground\University\senior-project-1\dataset\internet\clear\โอ๊ต.wav,512.6,513.7,none
C:\Users\muldi\Documents\Playground\University\senior-project-1\dataset\internet\clear\โอ๊ต.wav,513.7,514.8,none
C:\Users\muldi\Documents\Playground\University\senior-project-1\dataset\internet\clear\โอ๊ต.wav,514.8,515.9,none
C:\Users\muldi\Documents\Playground\University\senior-project-1\dataset\internet\clear\โอ๊ต.wav,515.9,517.0,none
C:\Users\muldi\Documents\Playground\University\senior-project-1\dataset\internet\clear\โอ๊ต.wav,517.0,518.1,none
C:\Users\muldi\Documents\Playground\University\senior-project-1\dataset\internet\clear\โอ๊ต.wav,518.1,519.2,none
C:\Users\muldi\Documents\Playground\University\senior-project-1\dataset\internet\clear\โอ๊ต.wav,519.2,520.3,none
C:\Users\muldi\Documents\Playground\University\senior-project-1\dataset\internet\clear\โอ๊ต.wav,520.3,521.4,none
C:\Users\muldi\Documents\Playground\University\senior-project-1\dataset\internet\clear\โอ๊ต.wav,521.4,522.5,none
C:\Users\muldi\Documents\Playground\University\senior-project-1\dataset\internet\clear\โอ๊ต.wav,522.5,523.6,none
C:\Users\muldi\Documents\Playground\University\senior-project-1\dataset\internet\clear\โอ๊ต.wav,523.6,524.7,none
C:\Users\muldi\Documents\Playground\University\senior-project-1\dataset\internet\clear\โอ๊ต.wav,524.7,525.8,none
C:\Users\muldi\Documents\Playground\University\senior-project-1\dataset\internet\clear\โอ๊ต.wav,525.8,526.9,none
C:\Users\muldi\Documents\Playground\University\senior-project-1\dataset\internet\clear\โอ๊ต.wav,526.9,528.0,none
C:\Users\muldi\Documents\Playground\University\senior-project-1\dataset\internet\clear\โอ๊ต.wav,528.0,529.1,none
C:\Users\muldi\Documents\Playground\University\senior-project-1\dataset\internet\clear\โอ๊ต.wav,529.1,530.2,none
C:\Users\muldi\Documents\Playground\University\senior-project-1\dataset\internet\clear\โอ๊ต.wav,530.2,531.3,none
C:\Users\muldi\Documents\Playground\University\senior-project-1\dataset\internet\clear\โอ๊ต.wav,531.3,532.4,none
C:\Users\muldi\Documents\Playground\University\senior-project-1\dataset\internet\clear\โอ๊ต.wav,532.4,533.5,none
C:\Users\muldi\Documents\Playground\University\senior-project-1\dataset\internet\clear\โอ๊ต.wav,533.5,534.6,none
C:\Users\muldi\Documents\Playground\University\senior-project-1\dataset\internet\clear\โอ๊ต.wav,534.6,535.7,none
C:\Users\muldi\Documents\Playground\University\senior-project-1\dataset\internet\clear\โอ๊ต.wav,535.7,536.8,none
C:\Users\muldi\Documents\Playground\University\senior-project-1\dataset\internet\clear\โอ๊ต.wav,536.8,537.9,none
C:\Users\muldi\Documents\Playground\University\senior-project-1\dataset\internet\clear\โอ๊ต.wav,537.9,539.0,none
C:\Users\muldi\Documents\Playground\University\senior-project-1\dataset\internet\clear\โอ๊ต.wav,539.0,540.1,none
C:\Users\muldi\Documents\Playground\University\senior-project-1\dataset\internet\clear\โอ๊ต.wav,540.1,541.2,none
C:\Users\muldi\Documents\Playground\University\senior-project-1\dataset\internet\clear\โอ๊ต.wav,541.2,542.3,none
C:\Users\muldi\Documents\Playground\University\senior-project-1\dataset\internet\clear\โอ๊ต.wav,542.3,543.4,none
C:\Users\muldi\Documents\Playground\University\senior-project-1\dataset\internet\clear\โอ๊ต.wav,543.4,544.5,none
C:\Users\muldi\Documents\Playground\University\senior-project-1\dataset\internet\clear\โอ๊ต.wav,544.5,545.6,none
C:\Users\muldi\Documents\Playground\University\senior-project-1\dataset\internet\clear\โอ๊ต.wav,545.6,546.7,none
C:\Users\muldi\Documents\Playground\University\senior-project-1\dataset\internet\clear\โอ๊ต.wav,546.7,547.8,none
C:\Users\muldi\Documents\Playground\University\senior-project-1\dataset\internet\clear\โอ๊ต.wav,547.8,548.9,none
C:\Users\muldi\Documents\Playground\University\senior-project-1\dataset\internet\clear\โอ๊ต.wav,548.9,550.0,none
C:\Users\muldi\Documents\Playground\University\senior-project-1\dataset\internet\clear\โอ๊ต.wav,550.0,551.1,none
C:\Users\muldi\Documents\Playground\University\senior-project-1\dataset\internet\clear\โอ๊ต.wav,551.1,552.2,none
C:\Users\muldi\Documents\Playground\University\senior-project-1\dataset\internet\clear\โอ๊ต.wav,552.2,553.3,none
C:\Users\muldi\Documents\Playground\University\senior-project-1\dataset\internet\clear\โอ๊ต.wav,553.3,554.4,none
C:\Users\muldi\Documents\Playground\University\senior-project-1\dataset\internet\clear\โอ๊ต.wav,554.4,555.5,none
C:\Users\muldi\Documents\Playground\University\senior-project-1\dataset\internet\clear\โอ๊ต.wav,555.5,556.6,none
C:\Users\muldi\Documents\Playground\University\senior-project-1\dataset\internet\clear\โอ๊ต.wav,556.6,557.7,none
C:\Users\muldi\Documents\Playground\University\senior-project-1\dataset\internet\clear\โอ๊ต.wav,557.7,558.8,none
C:\Users\muldi\Documents\Playground\University\senior-project-1\dataset\internet\clear\โอ๊ต.wav,558.8,559.9,none
C:\Users\muldi\Documents\Playground\University\senior-project-1\dataset\internet\clear\โอ๊ต.wav,559.9,561.0,none
C:\Users\muldi\Documents\Playground\University\senior-project-1\dataset\internet\clear\โอ๊ต.wav,561.0,562.1,none
C:\Users\muldi\Documents\Playground\University\senior-project-1\dataset\internet\clear\โอ๊ต.wav,562.1,563.2,none
C:\Users\muldi\Documents\Playground\University\senior-project-1\dataset\internet\clear\โอ๊ต.wav,563.2,564.3,none
C:\Users\muldi\Documents\Playground\University\senior-project-1\dataset\internet\clear\โอ๊ต.wav,564.3,565.4,none
C:\Users\muldi\Documents\Playground\University\senior-project-1\dataset\internet\clear\โอ๊ต.wav,565.4,566.5,none
C:\Users\muldi\Documents\Playground\University\senior-project-1\dataset\internet\clear\โอ๊ต.wav,566.5,567.6,none
C:\Users\muldi\Documents\Playground\University\senior-project-1\dataset\internet\clear\โอ๊ต.wav,567.6,568.7,none
C:\Users\muldi\Documents\Playground\University\senior-project-1\dataset\internet\clear\โอ๊ต.wav,568.7,569.8,none
C:\Users\muldi\Documents\Playground\University\senior-project-1\dataset\internet\clear\โอ๊ต.wav,569.8,570.9,none
C:\Users\muldi\Documents\Playground\University\senior-project-1\dataset\internet\clear\โอ๊ต.wav,570.9,572.0,none
C:\Users\muldi\Documents\Playground\University\senior-project-1\dataset\internet\clear\โอ๊ต.wav,572.0,573.1,none
C:\Users\muldi\Documents\Playground\University\senior-project-1\dataset\internet\clear\โอ๊ต.wav,573.1,574.2,none
C:\Users\muldi\Documents\Playground\University\senior-project-1\dataset\internet\clear\โอ๊ต.wav,574.2,575.3,none
C:\Users\muldi\Documents\Playground\University\senior-project-1\dataset\internet\clear\โอ๊ต.wav,575.3,576.4,none
C:\Users\muldi\Documents\Playground\University\senior-project-1\dataset\internet\clear\โอ๊ต.wav,576.4,577.5,none
C:\Users\muldi\Documents\Playground\University\senior-project-1\dataset\internet\clear\โอ๊ต.wav,577.5,578.6,none
C:\Users\muldi\Documents\Playground\University\senior-project-1\dataset\internet\clear\โอ๊ต.wav,578.6,579.7,none
C:\Users\muldi\Documents\Playground\University\senior-project-1\dataset\internet\clear\โอ๊ต.wav,579.7,580.8,none
C:\Users\muldi\Documents\Playground\University\senior-project-1\dataset\internet\clear\โอ๊ต.wav,580.8,581.9,none
C:\Users\muldi\Documents\Playground\University\senior-project-1\dataset\internet\clear\โอ๊ต.wav,581.9,583.0,none
C:\Users\muldi\Documents\Playground\University\senior-project-1\dataset\internet\clear\โอ๊ต.wav,583.0,584.1,none
C:\Users\muldi\Documents\Playground\University\senior-project-1\dataset\internet\clear\โอ๊ต.wav,584.1,585.2,none
C:\Users\muldi\Documents\Playground\University\senior-project-1\dataset\internet\clear\โอ๊ต.wav,585.2,586.3,none
C:\Users\muldi\Documents\Playground\University\senior-project-1\dataset\internet\clear\โอ๊ต.wav,586.3,587.4,none
C:\Users\muldi\Documents\Playground\University\senior-project-1\dataset\internet\clear\โอ๊ต.wav,587.4,588.5,none
C:\Users\muldi\Documents\Playground\University\senior-project-1\dataset\internet\clear\โอ๊ต.wav,588.5,589.6,none
C:\Users\muldi\Documents\Playground\University\senior-project-1\dataset\internet\clear\โอ๊ต.wav,589.6,590.7,none
C:\Users\muldi\Documents\Playground\University\senior-project-1\dataset\internet\clear\โอ๊ต.wav,590.7,591.8,none
C:\Users\muldi\Documents\Playground\University\senior-project-1\dataset\internet\clear\โอ๊ต.wav,591.8,592.9,none
C:\Users\muldi\Documents\Playground\University\senior-project-1\dataset\internet\clear\โอ๊ต.wav,592.9,594.0,none
C:\Users\muldi\Documents\Playground\University\senior-project-1\dataset\internet\clear\โอ๊ต.wav,594.0,595.1,none
C:\Users\muldi\Documents\Playground\University\senior-project-1\dataset\internet\clear\โอ๊ต.wav,595.1,596.2,none
C:\Users\muldi\Documents\Playground\University\senior-project-1\dataset\internet\clear\โอ๊ต.wav,596.2,597.3,none
C:\Users\muldi\Documents\Playground\University\senior-project-1\dataset\internet\clear\โอ๊ต.wav,597.3,598.4,none
C:\Users\muldi\Documents\Playground\University\senior-project-1\dataset\internet\clear\โอ๊ต.wav,598.4,599.5,none
C:\Users\muldi\Documents\Playground\University\senior-project-1\dataset\internet\clear\โอ๊ต.wav,599.5,600.6,none
C:\Users\muldi\Documents\Playground\University\senior-project-1\dataset\internet\clear\โอ๊ต.wav,600.6,601.7,none
C:\Users\muldi\Documents\Playground\University\senior-project-1\dataset\internet\clear\โอ๊ต.wav,601.7,602.8,none
C:\Users\muldi\Documents\Playground\University\senior-project-1\dataset\internet\clear\โอ๊ต.wav,602.8,603.9,none
C:\Users\muldi\Documents\Playground\University\senior-project-1\dataset\internet\clear\โอ๊ต.wav,603.9,605.0,none
C:\Users\muldi\Documents\Playground\University\senior-project-1\dataset\internet\clear\โอ๊ต.wav,605.0,606.1,none
C:\Users\muldi\Documents\Playground\University\senior-project-1\dataset\internet\clear\โอ๊ต.wav,606.1,607.2,none
C:\Users\muldi\Documents\Playground\University\senior-project-1\dataset\internet\clear\โอ๊ต.wav,607.2,608.3,none
C:\Users\muldi\Documents\Playground\University\senior-project-1\dataset\internet\clear\โอ๊ต.wav,608.3,609.4,none
C:\Users\muldi\Documents\Playground\University\senior-project-1\dataset\internet\clear\โอ๊ต.wav,609.4,610.5,none
C:\Users\muldi\Documents\Playground\University\senior-project-1\dataset\internet\clear\โอ๊ต.wav,610.5,611.6,none
C:\Users\muldi\Documents\Playground\University\senior-project-1\dataset\internet\clear\โอ๊ต.wav,611.6,612.7,none
C:\Users\muldi\Documents\Playground\University\senior-project-1\dataset\internet\clear\โอ๊ต.wav,612.7,613.8,none
C:\Users\muldi\Documents\Playground\University\senior-project-1\dataset\internet\clear\โอ๊ต.wav,613.8,614.9,none
C:\Users\muldi\Documents\Playground\University\senior-project-1\dataset\internet\clear\โอ๊ต.wav,614.9,616.0,none
C:\Users\muldi\Documents\Playground\University\senior-project-1\dataset\internet\clear\โอ๊ต.wav,616.0,617.1,none
C:\Users\muldi\Documents\Playground\University\senior-project-1\dataset\internet\clear\โอ๊ต.wav,617.1,618.2,none
C:\Users\muldi\Documents\Playground\University\senior-project-1\dataset\internet\clear\โอ๊ต.wav,618.2,619.3,none
C:\Users\muldi\Documents\Playground\University\senior-project-1\dataset\internet\clear\โอ๊ต.wav,619.3,620.4,none
C:\Users\muldi\Documents\Playground\University\senior-project-1\dataset\internet\clear\โอ๊ต.wav,620.4,621.5,none
C:\Users\muldi\Documents\Playground\University\senior-project-1\dataset\internet\clear\โอ๊ต.wav,621.5,622.6,none
C:\Users\muldi\Documents\Playground\University\senior-project-1\dataset\internet\clear\โอ๊ต.wav,622.6,623.7,none
C:\Users\muldi\Documents\Playground\University\senior-project-1\dataset\internet\clear\โอ๊ต.wav,623.7,624.8,none
C:\Users\muldi\Documents\Playground\University\senior-project-1\dataset\internet\clear\โอ๊ต.wav,624.8,625.9,none
C:\Users\muldi\Documents\Playground\University\senior-project-1\dataset\internet\clear\โอ๊ต.wav,625.9,627.0,none
C:\Users\muldi\Documents\Playground\University\senior-project-1\dataset\internet\clear\โอ๊ต.wav,627.0,628.1,none
C:\Users\muldi\Documents\Playground\University\senior-project-1\dataset\internet\clear\โอ๊ต.wav,628.1,629.2,none
C:\Users\muldi\Documents\Playground\University\senior-project-1\dataset\internet\clear\โอ๊ต.wav,629.2,630.3,none
C:\Users\muldi\Documents\Playground\University\senior-project-1\dataset\internet\clear\โอ๊ต.wav,630.3,631.4,none
C:\Users\muldi\Documents\Playground\University\senior-project-1\dataset\internet\clear\โอ๊ต.wav,631.4,632.5,none
C:\Users\muldi\Documents\Playground\University\senior-project-1\dataset\internet\clear\โอ๊ต.wav,632.5,633.6,none
C:\Users\muldi\Documents\Playground\University\senior-project-1\dataset\internet\clear\โอ๊ต.wav,633.6,634.7,none
C:\Users\muldi\Documents\Playground\University\senior-project-1\dataset\internet\clear\โอ๊ต.wav,634.7,635.8,none
C:\Users\muldi\Documents\Playground\University\senior-project-1\dataset\internet\clear\โอ๊ต.wav,635.8,636.9,none
C:\Users\muldi\Documents\Playground\University\senior-project-1\dataset\internet\clear\โอ๊ต.wav,636.9,638.0,none
C:\Users\muldi\Documents\Playground\University\senior-project-1\dataset\internet\clear\โอ๊ต.wav,638.0,639.1,none
C:\Users\muldi\Documents\Playground\University\senior-project-1\dataset\internet\clear\โอ๊ต.wav,639.1,640.2,none
C:\Users\muldi\Documents\Playground\University\senior-project-1\dataset\internet\clear\โอ๊ต.wav,640.2,641.3,none
C:\Users\muldi\Documents\Playground\University\senior-project-1\dataset\internet\clear\โอ๊ต.wav,641.3,642.4,none
C:\Users\muldi\Documents\Playground\University\senior-project-1\dataset\internet\clear\โอ๊ต.wav,642.4,643.5,none
C:\Users\muldi\Documents\Playground\University\senior-project-1\dataset\internet\clear\โอ๊ต.wav,643.5,644.6,none
C:\Users\muldi\Documents\Playground\University\senior-project-1\dataset\internet\clear\โอ๊ต.wav,644.6,645.7,none
C:\Users\muldi\Documents\Playground\University\senior-project-1\dataset\internet\clear\โอ๊ต.wav,645.7,646.8,none
C:\Users\muldi\Documents\Playground\University\senior-project-1\dataset\internet\clear\โอ๊ต.wav,646.8,647.9,none
C:\Users\muldi\Documents\Playground\University\senior-project-1\dataset\internet\clear\โอ๊ต.wav,647.9,649.0,none
C:\Users\muldi\Documents\Playground\University\senior-project-1\dataset\internet\clear\โอ๊ต.wav,649.0,650.1,none
C:\Users\muldi\Documents\Playground\University\senior-project-1\dataset\internet\clear\โอ๊ต.wav,650.1,651.2,none
C:\Users\muldi\Documents\Playground\University\senior-project-1\dataset\internet\clear\โอ๊ต.wav,651.2,652.3,none
C:\Users\muldi\Documents\Playground\University\senior-project-1\dataset\internet\clear\โอ๊ต.wav,652.3,653.4,none
C:\Users\muldi\Documents\Playground\University\senior-project-1\dataset\internet\clear\โอ๊ต.wav,653.4,654.5,none
C:\Users\muldi\Documents\Playground\University\senior-project-1\dataset\internet\clear\โอ๊ต.wav,654.5,655.6,none
C:\Users\muldi\Documents\Playground\University\senior-project-1\dataset\internet\clear\โอ๊ต.wav,655.6,656.7,none
C:\Users\muldi\Documents\Playground\University\senior-project-1\dataset\internet\clear\โอ๊ต.wav,656.7,657.8,none
C:\Users\muldi\Documents\Playground\University\senior-project-1\dataset\internet\clear\โอ๊ต.wav,657.8,658.9,none
C:\Users\muldi\Documents\Playground\University\senior-project-1\dataset\internet\clear\โอ๊ต.wav,658.9,660.0,none
C:\Users\muldi\Documents\Playground\University\senior-project-1\dataset\internet\clear\โอ๊ต.wav,660.0,661.1,none
C:\Users\muldi\Documents\Playground\University\senior-project-1\dataset\internet\clear\โอ๊ต.wav,661.1,662.2,none
C:\Users\muldi\Documents\Playground\University\senior-project-1\dataset\internet\clear\โอ๊ต.wav,662.2,663.3,none
C:\Users\muldi\Documents\Playground\University\senior-project-1\dataset\internet\clear\โอ๊ต.wav,663.3,664.4,none
C:\Users\muldi\Documents\Playground\University\senior-project-1\dataset\internet\clear\โอ๊ต.wav,664.4,665.5,none
C:\Users\muldi\Documents\Playground\University\senior-project-1\dataset\internet\clear\โอ๊ต.wav,665.5,666.6,none
C:\Users\muldi\Documents\Playground\University\senior-project-1\dataset\internet\clear\โอ๊ต.wav,666.6,667.7,none
C:\Users\muldi\Documents\Playground\University\senior-project-1\dataset\internet\clear\โอ๊ต.wav,667.7,668.8,none
C:\Users\muldi\Documents\Playground\University\senior-project-1\dataset\internet\clear\โอ๊ต.wav,668.8,669.9,none
C:\Users\muldi\Documents\Playground\University\senior-project-1\dataset\internet\clear\โอ๊ต.wav,669.9,671.0,none
C:\Users\muldi\Documents\Playground\University\senior-project-1\dataset\internet\clear\โอ๊ต.wav,671.0,672.1,none
C:\Users\muldi\Documents\Playground\University\senior-project-1\dataset\internet\clear\โอ๊ต.wav,672.1,673.2,none
C:\Users\muldi\Documents\Playground\University\senior-project-1\dataset\internet\clear\โอ๊ต.wav,673.2,674.3,none
C:\Users\muldi\Documents\Playground\University\senior-project-1\dataset\internet\clear\โอ๊ต.wav,674.3,675.4,none
C:\Users\muldi\Documents\Playground\University\senior-project-1\dataset\internet\clear\โอ๊ต.wav,675.4,676.5,none
C:\Users\muldi\Documents\Playground\University\senior-project-1\dataset\internet\clear\โอ๊ต.wav,676.5,677.6,none
C:\Users\muldi\Documents\Playground\University\senior-project-1\dataset\internet\clear\โอ๊ต.wav,677.6,678.7,none
C:\Users\muldi\Documents\Playground\University\senior-project-1\dataset\internet\clear\โอ๊ต.wav,678.7,679.8,none
C:\Users\muldi\Documents\Playground\University\senior-project-1\dataset\internet\clear\โอ๊ต.wav,679.8,680.9,none
C:\Users\muldi\Documents\Playground\University\senior-project-1\dataset\internet\clear\โอ๊ต.wav,680.9,682.0,none
C:\Users\muldi\Documents\Playground\University\senior-project-1\dataset\internet\clear\โอ๊ต.wav,682.0,683.1,none
C:\Users\muldi\Documents\Playground\University\senior-project-1\dataset\internet\clear\โอ๊ต.wav,683.1,684.2,none
C:\Users\muldi\Documents\Playground\University\senior-project-1\dataset\internet\clear\โอ๊ต.wav,684.2,685.3,none
C:\Users\muldi\Documents\Playground\University\senior-project-1\dataset\internet\clear\โอ๊ต.wav,685.3,686.4,none
C:\Users\muldi\Documents\Playground\University\senior-project-1\dataset\internet\clear\โอ๊ต.wav,686.4,687.5,none
C:\Users\muldi\Documents\Playground\University\senior-project-1\dataset\internet\clear\โอ๊ต.wav,687.5,688.6,none
C:\Users\muldi\Documents\Playground\University\senior-project-1\dataset\internet\clear\โอ๊ต.wav,688.6,689.7,none
C:\Users\muldi\Documents\Playground\University\senior-project-1\dataset\internet\clear\โอ๊ต.wav,689.7,690.8,none
C:\Users\muldi\Documents\Playground\University\senior-project-1\dataset\internet\clear\โอ๊ต.wav,690.8,691.9,none
C:\Users\muldi\Documents\Playground\University\senior-project-1\dataset\internet\clear\โอ๊ต.wav,691.9,693.0,none
C:\Users\muldi\Documents\Playground\University\senior-project-1\dataset\internet\clear\โอ๊ต.wav,693.0,694.1,none
C:\Users\muldi\Documents\Playground\University\senior-project-1\dataset\internet\clear\โอ๊ต.wav,694.1,695.2,none
C:\Users\muldi\Documents\Playground\University\senior-project-1\dataset\internet\clear\โอ๊ต.wav,695.2,696.3,none
C:\Users\muldi\Documents\Playground\University\senior-project-1\dataset\internet\clear\โอ๊ต.wav,696.3,697.4,none
C:\Users\muldi\Documents\Playground\University\senior-project-1\dataset\internet\clear\โอ๊ต.wav,697.4,698.5,none
C:\Users\muldi\Documents\Playground\University\senior-project-1\dataset\internet\clear\โอ๊ต.wav,698.5,699.6,none
C:\Users\muldi\Documents\Playground\University\senior-project-1\dataset\internet\clear\โอ๊ต.wav,699.6,700.7,none
C:\Users\muldi\Documents\Playground\University\senior-project-1\dataset\internet\clear\โอ๊ต.wav,700.7,701.8,none
C:\Users\muldi\Documents\Playground\University\senior-project-1\dataset\internet\clear\โอ๊ต.wav,701.8,702.9,none
C:\Users\muldi\Documents\Playground\University\senior-project-1\dataset\internet\clear\โอ๊ต.wav,702.9,704.0,none
C:\Users\muldi\Documents\Playground\University\senior-project-1\dataset\internet\clear\โอ๊ต.wav,704.0,705.1,none
C:\Users\muldi\Documents\Playground\University\senior-project-1\dataset\internet\clear\โอ๊ต.wav,705.1,706.2,none
C:\Users\muldi\Documents\Playground\University\senior-project-1\dataset\internet\clear\โอ๊ต.wav,706.2,707.3,none
C:\Users\muldi\Documents\Playground\University\senior-project-1\dataset\internet\clear\โอ๊ต.wav,707.3,708.4,none
C:\Users\muldi\Documents\Playground\University\senior-project-1\dataset\internet\clear\โอ๊ต.wav,708.4,709.5,none
C:\Users\muldi\Documents\Playground\University\senior-project-1\dataset\internet\clear\โอ๊ต.wav,709.5,710.6,none
C:\Users\muldi\Documents\Playground\University\senior-project-1\dataset\internet\clear\โอ๊ต.wav,710.6,711.7,none
C:\Users\muldi\Documents\Playground\University\senior-project-1\dataset\internet\clear\โอ๊ต.wav,711.7,712.8,none
C:\Users\muldi\Documents\Playground\University\senior-project-1\dataset\internet\clear\โอ๊ต.wav,712.8,713.9,none
C:\Users\muldi\Documents\Playground\University\senior-project-1\dataset\internet\clear\โอ๊ต.wav,713.9,715.0,none
C:\Users\muldi\Documents\Playground\University\senior-project-1\dataset\internet\clear\โอ๊ต.wav,715.0,716.1,none
C:\Users\muldi\Documents\Playground\University\senior-project-1\dataset\internet\clear\โอ๊ต.wav,716.1,717.2,none
C:\Users\muldi\Documents\Playground\University\senior-project-1\dataset\internet\clear\โอ๊ต.wav,717.2,718.3,none
C:\Users\muldi\Documents\Playground\University\senior-project-1\dataset\internet\clear\โอ๊ต.wav,718.3,719.4,none
C:\Users\muldi\Documents\Playground\University\senior-project-1\dataset\internet\clear\โอ๊ต.wav,719.4,720.5,none
C:\Users\muldi\Documents\Playground\University\senior-project-1\dataset\internet\clear\โอ๊ต.wav,720.5,721.6,none
C:\Users\muldi\Documents\Playground\University\senior-project-1\dataset\internet\clear\โอ๊ต.wav,721.6,722.7,none
C:\Users\muldi\Documents\Playground\University\senior-project-1\dataset\internet\clear\โอ๊ต.wav,722.7,723.8,none
C:\Users\muldi\Documents\Playground\University\senior-project-1\dataset\internet\clear\โอ๊ต.wav,723.8,724.9,none
C:\Users\muldi\Documents\Playground\University\senior-project-1\dataset\internet\clear\โอ๊ต.wav,724.9,726.0,none
C:\Users\muldi\Documents\Playground\University\senior-project-1\dataset\internet\clear\โอ๊ต.wav,726.0,727.1,none
C:\Users\muldi\Documents\Playground\University\senior-project-1\dataset\internet\clear\โอ๊ต.wav,727.1,728.2,none
C:\Users\muldi\Documents\Playground\University\senior-project-1\dataset\internet\clear\โอ๊ต.wav,728.2,729.3,none
C:\Users\muldi\Documents\Playground\University\senior-project-1\dataset\internet\clear\โอ๊ต.wav,729.3,730.4,none
C:\Users\muldi\Documents\Playground\University\senior-project-1\dataset\internet\clear\โอ๊ต.wav,730.4,731.5,none
C:\Users\muldi\Documents\Playground\University\senior-project-1\dataset\internet\clear\โอ๊ต.wav,731.5,732.6,none
C:\Users\muldi\Documents\Playground\University\senior-project-1\dataset\internet\clear\โอ๊ต.wav,732.6,733.7,none
C:\Users\muldi\Documents\Playground\University\senior-project-1\dataset\internet\clear\โอ๊ต.wav,733.7,734.8,none
C:\Users\muldi\Documents\Playground\University\senior-project-1\dataset\internet\clear\โอ๊ต.wav,734.8,735.9,none
C:\Users\muldi\Documents\Playground\University\senior-project-1\dataset\internet\clear\โอ๊ต.wav,735.9,737.0,none
C:\Users\muldi\Documents\Playground\University\senior-project-1\dataset\internet\clear\โอ๊ต.wav,737.0,738.1,none
C:\Users\muldi\Documents\Playground\University\senior-project-1\dataset\internet\clear\โอ๊ต.wav,738.1,739.2,none
C:\Users\muldi\Documents\Playground\University\senior-project-1\dataset\internet\clear\โอ๊ต.wav,739.2,740.3,none
C:\Users\muldi\Documents\Playground\University\senior-project-1\dataset\internet\clear\โอ๊ต.wav,740.3,741.4,none
C:\Users\muldi\Documents\Playground\University\senior-project-1\dataset\internet\clear\โอ๊ต.wav,741.4,742.5,none
C:\Users\muldi\Documents\Playground\University\senior-project-1\dataset\internet\clear\โอ๊ต.wav,742.5,743.6,none
C:\Users\muldi\Documents\Playground\University\senior-project-1\dataset\internet\clear\โอ๊ต.wav,743.6,744.7,none
C:\Users\muldi\Documents\Playground\University\senior-project-1\dataset\internet\clear\โอ๊ต.wav,744.7,745.8,none
C:\Users\muldi\Documents\Playground\University\senior-project-1\dataset\internet\clear\โอ๊ต.wav,745.8,746.9,none
C:\Users\muldi\Documents\Playground\University\senior-project-1\dataset\internet\clear\โอ๊ต.wav,746.9,748.0,none
C:\Users\muldi\Documents\Playground\University\senior-project-1\dataset\internet\clear\โอ๊ต.wav,748.0,749.1,none
C:\Users\muldi\Documents\Playground\University\senior-project-1\dataset\internet\clear\โอ๊ต.wav,749.1,750.2,none
C:\Users\muldi\Documents\Playground\University\senior-project-1\dataset\internet\clear\โอ๊ต.wav,750.2,751.3,none
C:\Users\muldi\Documents\Playground\University\senior-project-1\dataset\internet\clear\โอ๊ต.wav,751.3,752.4,none
C:\Users\muldi\Documents\Playground\University\senior-project-1\dataset\internet\clear\โอ๊ต.wav,752.4,753.5,none
C:\Users\muldi\Documents\Playground\University\senior-project-1\dataset\internet\clear\โอ๊ต.wav,753.5,754.6,none
C:\Users\muldi\Documents\Playground\University\senior-project-1\dataset\internet\clear\โอ๊ต.wav,754.6,755.7,none
C:\Users\muldi\Documents\Playground\University\senior-project-1\dataset\internet\clear\โอ๊ต.wav,755.7,756.8,none
C:\Users\muldi\Documents\Playground\University\senior-project-1\dataset\internet\clear\โอ๊ต.wav,756.8,757.9,none
C:\Users\muldi\Documents\Playground\University\senior-project-1\dataset\internet\clear\โอ๊ต.wav,757.9,759.0,none
C:\Users\muldi\Documents\Playground\University\senior-project-1\dataset\internet\clear\โอ๊ต.wav,759.0,760.1,none
C:\Users\muldi\Documents\Playground\University\senior-project-1\dataset\internet\clear\โอ๊ต.wav,760.1,761.2,none
C:\Users\muldi\Documents\Playground\University\senior-project-1\dataset\internet\clear\โอ๊ต.wav,761.2,762.3,none
C:\Users\muldi\Documents\Playground\University\senior-project-1\dataset\internet\clear\โอ๊ต.wav,762.3,763.4,none
C:\Users\muldi\Documents\Playground\University\senior-project-1\dataset\internet\clear\โอ๊ต.wav,763.4,764.5,none
C:\Users\muldi\Documents\Playground\University\senior-project-1\dataset\internet\clear\โอ๊ต.wav,764.5,765.6,none
C:\Users\muldi\Documents\Playground\University\senior-project-1\dataset\internet\clear\โอ๊ต.wav,765.6,766.7,none
C:\Users\muldi\Documents\Playground\University\senior-project-1\dataset\internet\clear\โอ๊ต.wav,766.7,767.8,none
C:\Users\muldi\Documents\Playground\University\senior-project-1\dataset\internet\clear\โอ๊ต.wav,767.8,768.9,none
C:\Users\muldi\Documents\Playground\University\senior-project-1\dataset\internet\clear\โอ๊ต.wav,768.9,770.0,none
C:\Users\muldi\Documents\Playground\University\senior-project-1\dataset\internet\clear\โอ๊ต.wav,770.0,771.1,none
C:\Users\muldi\Documents\Playground\University\senior-project-1\dataset\internet\clear\โอ๊ต.wav,771.1,772.2,none
C:\Users\muldi\Documents\Playground\University\senior-project-1\dataset\internet\clear\โอ๊ต.wav,772.2,773.3,none
C:\Users\muldi\Documents\Playground\University\senior-project-1\dataset\internet\clear\โอ๊ต.wav,773.3,774.4,none
C:\Users\muldi\Documents\Playground\University\senior-project-1\dataset\internet\clear\โอ๊ต.wav,774.4,775.5,none
C:\Users\muldi\Documents\Playground\University\senior-project-1\dataset\internet\clear\โอ๊ต.wav,775.5,776.6,none
C:\Users\muldi\Documents\Playground\University\senior-project-1\dataset\internet\clear\โอ๊ต.wav,776.6,777.7,none
C:\Users\muldi\Documents\Playground\University\senior-project-1\dataset\internet\clear\โอ๊ต.wav,777.7,778.8,none
C:\Users\muldi\Documents\Playground\University\senior-project-1\dataset\internet\clear\โอ๊ต.wav,778.8,779.9,none
C:\Users\muldi\Documents\Playground\University\senior-project-1\dataset\internet\clear\โอ๊ต.wav,779.9,781.0,none
C:\Users\muldi\Documents\Playground\University\senior-project-1\dataset\internet\clear\โอ๊ต.wav,781.0,782.1,none
C:\Users\muldi\Documents\Playground\University\senior-project-1\dataset\internet\clear\โอ๊ต.wav,782.1,783.2,none
C:\Users\muldi\Documents\Playground\University\senior-project-1\dataset\internet\clear\โอ๊ต.wav,783.2,784.3,none
C:\Users\muldi\Documents\Playground\University\senior-project-1\dataset\internet\clear\โอ๊ต.wav,784.3,785.4,none
C:\Users\muldi\Documents\Playground\University\senior-project-1\dataset\internet\clear\โอ๊ต.wav,785.4,786.5,none
C:\Users\muldi\Documents\Playground\University\senior-project-1\dataset\internet\clear\โอ๊ต.wav,786.5,787.6,none
C:\Users\muldi\Documents\Playground\University\senior-project-1\dataset\internet\clear\โอ๊ต.wav,787.6,788.7,none
C:\Users\muldi\Documents\Playground\University\senior-project-1\dataset\internet\clear\โอ๊ต.wav,788.7,789.8,none
C:\Users\muldi\Documents\Playground\University\senior-project-1\dataset\internet\clear\โอ๊ต.wav,789.8,790.9,none
C:\Users\muldi\Documents\Playground\University\senior-project-1\dataset\internet\clear\โอ๊ต.wav,790.9,792.0,none
C:\Users\muldi\Documents\Playground\University\senior-project-1\dataset\internet\clear\โอ๊ต.wav,792.0,793.1,none
C:\Users\muldi\Documents\Playground\University\senior-project-1\dataset\internet\clear\โอ๊ต.wav,793.1,794.2,none
C:\Users\muldi\Documents\Playground\University\senior-project-1\dataset\internet\clear\โอ๊ต.wav,794.2,795.3,none
C:\Users\muldi\Documents\Playground\University\senior-project-1\dataset\internet\clear\โอ๊ต.wav,795.3,796.4,none
C:\Users\muldi\Documents\Playground\University\senior-project-1\dataset\internet\clear\โอ๊ต.wav,796.4,797.5,none
C:\Users\muldi\Documents\Playground\University\senior-project-1\dataset\internet\clear\โอ๊ต.wav,797.5,798.6,none
C:\Users\muldi\Documents\Playground\University\senior-project-1\dataset\internet\clear\โอ๊ต.wav,798.6,799.7,none
C:\Users\muldi\Documents\Playground\University\senior-project-1\dataset\internet\clear\โอ๊ต.wav,799.7,800.8,none
C:\Users\muldi\Documents\Playground\University\senior-project-1\dataset\internet\clear\โอ๊ต.wav,800.8,801.9,none
C:\Users\muldi\Documents\Playground\University\senior-project-1\dataset\internet\clear\โอ๊ต.wav,801.9,803.0,none
C:\Users\muldi\Documents\Playground\University\senior-project-1\dataset\internet\clear\โอ๊ต.wav,803.0,804.1,none
C:\Users\muldi\Documents\Playground\University\senior-project-1\dataset\internet\clear\โอ๊ต.wav,804.1,805.2,none
C:\Users\muldi\Documents\Playground\University\senior-project-1\dataset\internet\clear\โอ๊ต.wav,805.2,806.3,none
C:\Users\muldi\Documents\Playground\University\senior-project-1\dataset\internet\clear\โอ๊ต.wav,806.3,807.4,none
C:\Users\muldi\Documents\Playground\University\senior-project-1\dataset\internet\clear\โอ๊ต.wav,807.4,808.5,none
C:\Users\muldi\Documents\Playground\University\senior-project-1\dataset\internet\clear\โอ๊ต.wav,808.5,809.6,none
C:\Users\muldi\Documents\Playground\University\senior-project-1\dataset\internet\clear\โอ๊ต.wav,809.6,810.7,none
C:\Users\muldi\Documents\Playground\University\senior-project-1\dataset\internet\clear\โอ๊ต.wav,810.7,811.8,none
C:\Users\muldi\Documents\Playground\University\senior-project-1\dataset\internet\clear\โอ๊ต.wav,811.8,812.9,none
C:\Users\muldi\Documents\Playground\University\senior-project-1\dataset\internet\clear\โอ๊ต.wav,812.9,814.0,none
C:\Users\muldi\Documents\Playground\University\senior-project-1\dataset\internet\clear\โอ๊ต.wav,814.0,815.1,none
C:\Users\muldi\Documents\Playground\University\senior-project-1\dataset\internet\clear\โอ๊ต.wav,815.1,816.2,none
C:\Users\muldi\Documents\Playground\University\senior-project-1\dataset\internet\clear\โอ๊ต.wav,816.2,817.3,none
C:\Users\muldi\Documents\Playground\University\senior-project-1\dataset\internet\clear\โอ๊ต.wav,817.3,818.4,none
C:\Users\muldi\Documents\Playground\University\senior-project-1\dataset\internet\clear\โอ๊ต.wav,818.4,819.5,none
C:\Users\muldi\Documents\Playground\University\senior-project-1\dataset\internet\clear\โอ๊ต.wav,819.5,820.6,none
C:\Users\muldi\Documents\Playground\University\senior-project-1\dataset\internet\clear\โอ๊ต.wav,820.6,821.7,none
C:\Users\muldi\Documents\Playground\University\senior-project-1\dataset\internet\clear\โอ๊ต.wav,821.7,822.8,none
C:\Users\muldi\Documents\Playground\University\senior-project-1\dataset\internet\clear\โอ๊ต.wav,822.8,823.9,none
C:\Users\muldi\Documents\Playground\University\senior-project-1\dataset\internet\clear\โอ๊ต.wav,823.9,825.0,none
C:\Users\muldi\Documents\Playground\University\senior-project-1\dataset\internet\clear\โอ๊ต.wav,825.0,826.1,none
C:\Users\muldi\Documents\Playground\University\senior-project-1\dataset\internet\clear\โอ๊ต.wav,826.1,827.2,none
C:\Users\muldi\Documents\Playground\University\senior-project-1\dataset\internet\clear\โอ๊ต.wav,827.2,828.3,none
C:\Users\muldi\Documents\Playground\University\senior-project-1\dataset\internet\clear\โอ๊ต.wav,828.3,829.4,none
C:\Users\muldi\Documents\Playground\University\senior-project-1\dataset\internet\clear\โอ๊ต.wav,829.4,830.5,none
C:\Users\muldi\Documents\Playground\University\senior-project-1\dataset\internet\clear\โอ๊ต.wav,830.5,831.6,none
C:\Users\muldi\Documents\Playground\University\senior-project-1\dataset\internet\clear\โอ๊ต.wav,831.6,832.7,none
C:\Users\muldi\Documents\Playground\University\senior-project-1\dataset\internet\clear\โอ๊ต.wav,832.7,833.8,none
C:\Users\muldi\Documents\Playground\University\senior-project-1\dataset\internet\clear\โอ๊ต.wav,833.8,834.9,none
C:\Users\muldi\Documents\Playground\University\senior-project-1\dataset\internet\clear\โอ๊ต.wav,834.9,836.0,none
C:\Users\muldi\Documents\Playground\University\senior-project-1\dataset\internet\clear\โอ๊ต.wav,836.0,837.1,none
C:\Users\muldi\Documents\Playground\University\senior-project-1\dataset\internet\clear\โอ๊ต.wav,837.1,838.2,none
C:\Users\muldi\Documents\Playground\University\senior-project-1\dataset\internet\clear\โอ๊ต.wav,838.2,839.3,none
C:\Users\muldi\Documents\Playground\University\senior-project-1\dataset\internet\clear\โอ๊ต.wav,839.3,840.4,none
C:\Users\muldi\Documents\Playground\University\senior-project-1\dataset\internet\clear\โอ๊ต.wav,840.4,841.5,none
C:\Users\muldi\Documents\Playground\University\senior-project-1\dataset\internet\clear\โอ๊ต.wav,841.5,842.6,none
C:\Users\muldi\Documents\Playground\University\senior-project-1\dataset\internet\clear\โอ๊ต.wav,842.6,843.7,none
C:\Users\muldi\Documents\Playground\University\senior-project-1\dataset\internet\clear\โอ๊ต.wav,843.7,844.8,none
C:\Users\muldi\Documents\Playground\University\senior-project-1\dataset\internet\clear\โอ๊ต.wav,844.8,845.9,none
C:\Users\muldi\Documents\Playground\University\senior-project-1\dataset\internet\clear\โอ๊ต.wav,845.9,847.0,none
C:\Users\muldi\Documents\Playground\University\senior-project-1\dataset\internet\clear\โอ๊ต.wav,847.0,848.1,none
C:\Users\muldi\Documents\Playground\University\senior-project-1\dataset\internet\clear\โอ๊ต.wav,848.1,849.2,none
C:\Users\muldi\Documents\Playground\University\senior-project-1\dataset\internet\clear\โอ๊ต.wav,849.2,850.3,none
C:\Users\muldi\Documents\Playground\University\senior-project-1\dataset\internet\clear\โอ๊ต.wav,850.3,851.4,none
C:\Users\muldi\Documents\Playground\University\senior-project-1\dataset\internet\clear\โอ๊ต.wav,851.4,852.5,none
C:\Users\muldi\Documents\Playground\University\senior-project-1\dataset\internet\clear\โอ๊ต.wav,852.5,853.6,none
C:\Users\muldi\Documents\Playground\University\senior-project-1\dataset\internet\clear\โอ๊ต.wav,853.6,854.7,none
C:\Users\muldi\Documents\Playground\University\senior-project-1\dataset\internet\clear\โอ๊ต.wav,854.7,855.8,none
C:\Users\muldi\Documents\Playground\University\senior-project-1\dataset\internet\clear\โอ๊ต.wav,855.8,856.9,none
C:\Users\muldi\Documents\Playground\University\senior-project-1\dataset\internet\clear\โอ๊ต.wav,856.9,858.0,none
C:\Users\muldi\Documents\Playground\University\senior-project-1\dataset\internet\clear\โอ๊ต.wav,858.0,859.1,none
C:\Users\muldi\Documents\Playground\University\senior-project-1\dataset\internet\clear\โอ๊ต.wav,859.1,860.2,none
C:\Users\muldi\Documents\Playground\University\senior-project-1\dataset\internet\clear\โอ๊ต.wav,860.2,861.3,none
C:\Users\muldi\Documents\Playground\University\senior-project-1\dataset\internet\clear\โอ๊ต.wav,861.3,862.4,none
C:\Users\muldi\Documents\Playground\University\senior-project-1\dataset\internet\clear\โอ๊ต.wav,862.4,863.5,none
C:\Users\muldi\Documents\Playground\University\senior-project-1\dataset\internet\clear\โอ๊ต.wav,863.5,864.6,none
C:\Users\muldi\Documents\Playground\University\senior-project-1\dataset\internet\clear\โอ๊ต.wav,864.6,865.7,none
C:\Users\muldi\Documents\Playground\University\senior-project-1\dataset\internet\clear\โอ๊ต.wav,865.7,866.8,none
C:\Users\muldi\Documents\Playground\University\senior-project-1\dataset\internet\clear\โอ๊ต.wav,866.8,867.9,none
C:\Users\muldi\Documents\Playground\University\senior-project-1\dataset\internet\clear\โอ๊ต.wav,867.9,869.0,none
C:\Users\muldi\Documents\Playground\University\senior-project-1\dataset\internet\clear\โอ๊ต.wav,869.0,870.1,none
C:\Users\muldi\Documents\Playground\University\senior-project-1\dataset\internet\clear\โอ๊ต.wav,870.1,871.2,none
C:\Users\muldi\Documents\Playground\University\senior-project-1\dataset\internet\clear\โอ๊ต.wav,871.2,872.3,none
C:\Users\muldi\Documents\Playground\University\senior-project-1\dataset\internet\clear\โอ๊ต.wav,872.3,873.4,none
C:\Users\muldi\Documents\Playground\University\senior-project-1\dataset\internet\clear\โอ๊ต.wav,873.4,874.5,none
C:\Users\muldi\Documents\Playground\University\senior-project-1\dataset\internet\clear\โอ๊ต.wav,874.5,875.6,none
C:\Users\muldi\Documents\Playground\University\senior-project-1\dataset\internet\clear\โอ๊ต.wav,875.6,876.7,none
C:\Users\muldi\Documents\Playground\University\senior-project-1\dataset\internet\clear\โอ๊ต.wav,876.7,877.8,none
C:\Users\muldi\Documents\Playground\University\senior-project-1\dataset\internet\clear\โอ๊ต.wav,877.8,878.9,none
C:\Users\muldi\Documents\Playground\University\senior-project-1\dataset\internet\clear\โอ๊ต.wav,878.9,880.0,none
C:\Users\muldi\Documents\Playground\University\senior-project-1\dataset\internet\clear\โอ๊ต.wav,880.0,881.1,none
C:\Users\muldi\Documents\Playground\University\senior-project-1\dataset\internet\clear\โอ๊ต.wav,881.1,882.2,none
C:\Users\muldi\Documents\Playground\University\senior-project-1\dataset\internet\clear\โอ๊ต.wav,882.2,883.3,none
C:\Users\muldi\Documents\Playground\University\senior-project-1\dataset\internet\clear\โอ๊ต.wav,883.3,884.4,none
C:\Users\muldi\Documents\Playground\University\senior-project-1\dataset\internet\clear\โอ๊ต.wav,884.4,885.5,none
C:\Users\muldi\Documents\Playground\University\senior-project-1\dataset\internet\clear\โอ๊ต.wav,885.5,886.6,none
C:\Users\muldi\Documents\Playground\University\senior-project-1\dataset\internet\clear\โอ๊ต.wav,886.6,887.7,none
C:\Users\muldi\Documents\Playground\University\senior-project-1\dataset\internet\clear\โอ๊ต.wav,887.7,888.8,none
C:\Users\muldi\Documents\Playground\University\senior-project-1\dataset\internet\clear\โอ๊ต.wav,888.8,889.9,none
C:\Users\muldi\Documents\Playground\University\senior-project-1\dataset\internet\clear\โอ๊ต.wav,889.9,891.0,none
C:\Users\muldi\Documents\Playground\University\senior-project-1\dataset\internet\clear\โอ๊ต.wav,891.0,892.1,none
C:\Users\muldi\Documents\Playground\University\senior-project-1\dataset\internet\clear\โอ๊ต.wav,892.1,893.2,none
C:\Users\muldi\Documents\Playground\University\senior-project-1\dataset\internet\clear\โอ๊ต.wav,893.2,894.3,none
C:\Users\muldi\Documents\Playground\University\senior-project-1\dataset\internet\clear\โอ๊ต.wav,894.3,895.4,none
C:\Users\muldi\Documents\Playground\University\senior-project-1\dataset\internet\clear\โอ๊ต.wav,895.4,896.5,none
C:\Users\muldi\Documents\Playground\University\senior-project-1\dataset\internet\clear\โอ๊ต.wav,896.5,897.6,none
C:\Users\muldi\Documents\Playground\University\senior-project-1\dataset\internet\clear\โอ๊ต.wav,897.6,898.7,none
C:\Users\muldi\Documents\Playground\University\senior-project-1\dataset\internet\clear\โอ๊ต.wav,898.7,899.8,none
C:\Users\muldi\Documents\Playground\University\senior-project-1\dataset\internet\clear\โอ๊ต.wav,899.8,900.9,none
C:\Users\muldi\Documents\Playground\University\senior-project-1\dataset\internet\clear\โอ๊ต.wav,900.9,902.0,none
C:\Users\muldi\Documents\Playground\University\senior-project-1\dataset\internet\clear\โอ๊ต.wav,902.0,903.1,none
C:\Users\muldi\Documents\Playground\University\senior-project-1\dataset\internet\clear\โอ๊ต.wav,903.1,904.2,none
C:\Users\muldi\Documents\Playground\University\senior-project-1\dataset\internet\clear\โอ๊ต.wav,904.2,905.3,none
C:\Users\muldi\Documents\Playground\University\senior-project-1\dataset\internet\clear\โอ๊ต.wav,905.3,906.4,none
C:\Users\muldi\Documents\Playground\University\senior-project-1\dataset\internet\clear\โอ๊ต.wav,906.4,907.5,none
C:\Users\muldi\Documents\Playground\University\senior-project-1\dataset\internet\clear\โอ๊ต.wav,907.5,908.6,none
C:\Users\muldi\Documents\Playground\University\senior-project-1\dataset\internet\clear\โอ๊ต.wav,908.6,909.7,none
C:\Users\muldi\Documents\Playground\University\senior-project-1\dataset\internet\clear\โอ๊ต.wav,909.7,910.8,none
C:\Users\muldi\Documents\Playground\University\senior-project-1\dataset\internet\clear\โอ๊ต.wav,910.8,911.9,none
C:\Users\muldi\Documents\Playground\University\senior-project-1\dataset\internet\clear\โอ๊ต.wav,911.9,913.0,none
C:\Users\muldi\Documents\Playground\University\senior-project-1\dataset\internet\clear\โอ๊ต.wav,913.0,914.1,none
C:\Users\muldi\Documents\Playground\University\senior-project-1\dataset\internet\clear\โอ๊ต.wav,914.1,915.2,none
C:\Users\muldi\Documents\Playground\University\senior-project-1\dataset\internet\clear\โอ๊ต.wav,915.2,916.3,none
C:\Users\muldi\Documents\Playground\University\senior-project-1\dataset\internet\clear\โอ๊ต.wav,916.3,917.4,none
C:\Users\muldi\Documents\Playground\University\senior-project-1\dataset\internet\clear\โอ๊ต.wav,917.4,918.5,none
C:\Users\muldi\Documents\Playground\University\senior-project-1\dataset\internet\clear\โอ๊ต.wav,918.5,919.6,none
C:\Users\muldi\Documents\Playground\University\senior-project-1\dataset\internet\clear\โอ๊ต.wav,919.6,920.7,none
C:\Users\muldi\Documents\Playground\University\senior-project-1\dataset\internet\clear\โอ๊ต.wav,920.7,921.8,none
C:\Users\muldi\Documents\Playground\University\senior-project-1\dataset\internet\clear\โอ๊ต.wav,921.8,922.9,none
C:\Users\muldi\Documents\Playground\University\senior-project-1\dataset\internet\clear\โอ๊ต.wav,922.9,924.0,none
C:\Users\muldi\Documents\Playground\University\senior-project-1\dataset\internet\clear\โอ๊ต.wav,924.0,925.1,none
C:\Users\muldi\Documents\Playground\University\senior-project-1\dataset\internet\clear\โอ๊ต.wav,925.1,926.2,none
C:\Users\muldi\Documents\Playground\University\senior-project-1\dataset\internet\clear\โอ๊ต.wav,926.2,927.3,none
C:\Users\muldi\Documents\Playground\University\senior-project-1\dataset\internet\clear\โอ๊ต.wav,927.3,928.4,none
C:\Users\muldi\Documents\Playground\University\senior-project-1\dataset\internet\clear\โอ๊ต.wav,928.4,929.5,none
C:\Users\muldi\Documents\Playground\University\senior-project-1\dataset\internet\clear\โอ๊ต.wav,929.5,930.6,none
C:\Users\muldi\Documents\Playground\University\senior-project-1\dataset\internet\clear\โอ๊ต.wav,930.6,931.7,none
C:\Users\muldi\Documents\Playground\University\senior-project-1\dataset\internet\clear\โอ๊ต.wav,931.7,932.8,none
C:\Users\muldi\Documents\Playground\University\senior-project-1\dataset\internet\clear\โอ๊ต.wav,932.8,933.9,none
C:\Users\muldi\Documents\Playground\University\senior-project-1\dataset\internet\clear\โอ๊ต.wav,933.9,935.0,none
C:\Users\muldi\Documents\Playground\University\senior-project-1\dataset\internet\clear\โอ๊ต.wav,935.0,936.1,none
C:\Users\muldi\Documents\Playground\University\senior-project-1\dataset\internet\clear\โอ๊ต.wav,936.1,937.2,none
C:\Users\muldi\Documents\Playground\University\senior-project-1\dataset\internet\clear\โอ๊ต.wav,937.2,938.3,none
C:\Users\muldi\Documents\Playground\University\senior-project-1\dataset\internet\clear\โอ๊ต.wav,938.3,939.4,none
C:\Users\muldi\Documents\Playground\University\senior-project-1\dataset\internet\clear\โอ๊ต.wav,939.4,940.5,none
C:\Users\muldi\Documents\Playground\University\senior-project-1\dataset\internet\clear\โอ๊ต.wav,940.5,941.6,none
C:\Users\muldi\Documents\Playground\University\senior-project-1\dataset\internet\clear\โอ๊ต.wav,941.6,942.7,none
C:\Users\muldi\Documents\Playground\University\senior-project-1\dataset\internet\clear\โอ๊ต.wav,942.7,943.8,none
C:\Users\muldi\Documents\Playground\University\senior-project-1\dataset\internet\clear\โอ๊ต.wav,943.8,944.9,none
C:\Users\muldi\Documents\Playground\University\senior-project-1\dataset\internet\clear\โอ๊ต.wav,944.9,946.0,none
C:\Users\muldi\Documents\Playground\University\senior-project-1\dataset\internet\clear\โอ๊ต.wav,946.0,947.1,none
C:\Users\muldi\Documents\Playground\University\senior-project-1\dataset\internet\clear\โอ๊ต.wav,947.1,948.2,none
C:\Users\muldi\Documents\Playground\University\senior-project-1\dataset\internet\clear\โอ๊ต.wav,948.2,949.3,none
C:\Users\muldi\Documents\Playground\University\senior-project-1\dataset\internet\clear\โอ๊ต.wav,949.3,950.4,none
C:\Users\muldi\Documents\Playground\University\senior-project-1\dataset\internet\clear\โอ๊ต.wav,950.4,951.5,none
C:\Users\muldi\Documents\Playground\University\senior-project-1\dataset\internet\clear\โอ๊ต.wav,951.5,952.6,none
C:\Users\muldi\Documents\Playground\University\senior-project-1\dataset\internet\clear\โอ๊ต.wav,952.6,953.7,none
C:\Users\muldi\Documents\Playground\University\senior-project-1\dataset\internet\clear\โอ๊ต.wav,953.7,954.8,none
C:\Users\muldi\Documents\Playground\University\senior-project-1\dataset\internet\clear\โอ๊ต.wav,954.8,955.9,none
C:\Users\muldi\Documents\Playground\University\senior-project-1\dataset\internet\clear\โอ๊ต.wav,955.9,957.0,none
C:\Users\muldi\Documents\Playground\University\senior-project-1\dataset\internet\clear\โอ๊ต.wav,957.0,958.1,none
C:\Users\muldi\Documents\Playground\University\senior-project-1\dataset\internet\clear\โอ๊ต.wav,958.1,959.2,none
C:\Users\muldi\Documents\Playground\University\senior-project-1\dataset\internet\clear\โอ๊ต.wav,959.2,960.3,none
C:\Users\muldi\Documents\Playground\University\senior-project-1\dataset\internet\clear\โอ๊ต.wav,960.3,961.4,none
C:\Users\muldi\Documents\Playground\University\senior-project-1\dataset\internet\clear\โอ๊ต.wav,961.4,962.5,none
C:\Users\muldi\Documents\Playground\University\senior-project-1\dataset\internet\clear\โอ๊ต.wav,962.5,963.6,none
C:\Users\muldi\Documents\Playground\University\senior-project-1\dataset\internet\clear\โอ๊ต.wav,963.6,964.7,none
C:\Users\muldi\Documents\Playground\University\senior-project-1\dataset\internet\clear\โอ๊ต.wav,964.7,965.8,none
C:\Users\muldi\Documents\Playground\University\senior-project-1\dataset\internet\clear\โอ๊ต.wav,965.8,966.9,none
C:\Users\muldi\Documents\Playground\University\senior-project-1\dataset\internet\clear\โอ๊ต.wav,966.9,968.0,none
C:\Users\muldi\Documents\Playground\University\senior-project-1\dataset\internet\clear\โอ๊ต.wav,968.0,969.1,none
C:\Users\muldi\Documents\Playground\University\senior-project-1\dataset\internet\clear\โอ๊ต.wav,969.1,970.2,none
C:\Users\muldi\Documents\Playground\University\senior-project-1\dataset\internet\clear\โอ๊ต.wav,970.2,971.3,none
C:\Users\muldi\Documents\Playground\University\senior-project-1\dataset\internet\clear\โอ๊ต.wav,971.3,972.4,none
C:\Users\muldi\Documents\Playground\University\senior-project-1\dataset\internet\clear\โอ๊ต.wav,972.4,973.5,none
C:\Users\muldi\Documents\Playground\University\senior-project-1\dataset\internet\clear\โอ๊ต.wav,973.5,974.6,none
C:\Users\muldi\Documents\Playground\University\senior-project-1\dataset\internet\clear\โอ๊ต.wav,974.6,975.7,none
C:\Users\muldi\Documents\Playground\University\senior-project-1\dataset\internet\clear\โอ๊ต.wav,975.7,976.8,none
C:\Users\muldi\Documents\Playground\University\senior-project-1\dataset\internet\clear\โอ๊ต.wav,976.8,977.9,none
C:\Users\muldi\Documents\Playground\University\senior-project-1\dataset\internet\clear\โอ๊ต.wav,977.9,979.0,none
C:\Users\muldi\Documents\Playground\University\senior-project-1\dataset\internet\clear\โอ๊ต.wav,979.0,980.1,none
C:\Users\muldi\Documents\Playground\University\senior-project-1\dataset\internet\clear\โอ๊ต.wav,980.1,981.2,none
C:\Users\muldi\Documents\Playground\University\senior-project-1\dataset\internet\clear\โอ๊ต.wav,981.2,982.3,none
C:\Users\muldi\Documents\Playground\University\senior-project-1\dataset\internet\clear\โอ๊ต.wav,982.3,983.4,none
C:\Users\muldi\Documents\Playground\University\senior-project-1\dataset\internet\clear\โอ๊ต.wav,983.4,984.5,none
C:\Users\muldi\Documents\Playground\University\senior-project-1\dataset\internet\clear\โอ๊ต.wav,984.5,985.6,none
C:\Users\muldi\Documents\Playground\University\senior-project-1\dataset\internet\clear\โอ๊ต.wav,985.6,986.7,none
C:\Users\muldi\Documents\Playground\University\senior-project-1\dataset\internet\clear\โอ๊ต.wav,986.7,987.8,none
C:\Users\muldi\Documents\Playground\University\senior-project-1\dataset\internet\clear\โอ๊ต.wav,987.8,988.9,none
C:\Users\muldi\Documents\Playground\University\senior-project-1\dataset\internet\clear\โอ๊ต.wav,988.9,990.0,none
C:\Users\muldi\Documents\Playground\University\senior-project-1\dataset\internet\clear\โอ๊ต.wav,990.0,991.1,none
C:\Users\muldi\Documents\Playground\University\senior-project-1\dataset\internet\clear\โอ๊ต.wav,991.1,992.2,none
C:\Users\muldi\Documents\Playground\University\senior-project-1\dataset\internet\clear\โอ๊ต.wav,992.2,993.3,none
C:\Users\muldi\Documents\Playground\University\senior-project-1\dataset\internet\clear\โอ๊ต.wav,993.3,994.4,none
C:\Users\muldi\Documents\Playground\University\senior-project-1\dataset\internet\clear\โอ๊ต.wav,994.4,995.5,none
C:\Users\muldi\Documents\Playground\University\senior-project-1\dataset\internet\clear\โอ๊ต.wav,995.5,996.6,none
C:\Users\muldi\Documents\Playground\University\senior-project-1\dataset\internet\clear\โอ๊ต.wav,996.6,997.7,none
C:\Users\muldi\Documents\Playground\University\senior-project-1\dataset\internet\clear\โอ๊ต.wav,997.7,998.8,none
C:\Users\muldi\Documents\Playground\University\senior-project-1\dataset\internet\clear\โอ๊ต.wav,998.8,999.9,none
C:\Users\muldi\Documents\Playground\University\senior-project-1\dataset\internet\clear\โอ๊ต.wav,999.9,1001.0,none
C:\Users\muldi\Documents\Playground\University\senior-project-1\dataset\internet\clear\โอ๊ต.wav,1001.0,1002.1,none
C:\Users\muldi\Documents\Playground\University\senior-project-1\dataset\internet\clear\โอ๊ต.wav,1002.1,1003.2,none
C:\Users\muldi\Documents\Playground\University\senior-project-1\dataset\internet\clear\โอ๊ต.wav,1003.2,1004.3,none
C:\Users\muldi\Documents\Playground\University\senior-project-1\dataset\internet\clear\โอ๊ต.wav,1004.3,1005.4,none
C:\Users\muldi\Documents\Playground\University\senior-project-1\dataset\internet\clear\โอ๊ต.wav,1005.4,1006.5,none
C:\Users\muldi\Documents\Playground\University\senior-project-1\dataset\internet\clear\โอ๊ต.wav,1006.5,1007.6,none
C:\Users\muldi\Documents\Playground\University\senior-project-1\dataset\internet\clear\โอ๊ต.wav,1007.6,1008.7,none
C:\Users\muldi\Documents\Playground\University\senior-project-1\dataset\internet\clear\โอ๊ต.wav,1008.7,1009.8,none
C:\Users\muldi\Documents\Playground\University\senior-project-1\dataset\internet\clear\โอ๊ต.wav,1009.8,1010.9,none
C:\Users\muldi\Documents\Playground\University\senior-project-1\dataset\internet\clear\โอ๊ต.wav,1010.9,1012.0,none
C:\Users\muldi\Documents\Playground\University\senior-project-1\dataset\internet\clear\โอ๊ต.wav,1012.0,1013.1,none
C:\Users\muldi\Documents\Playground\University\senior-project-1\dataset\internet\clear\โอ๊ต.wav,1013.1,1014.2,none
C:\Users\muldi\Documents\Playground\University\senior-project-1\dataset\internet\clear\โอ๊ต.wav,1014.2,1015.3,none
C:\Users\muldi\Documents\Playground\University\senior-project-1\dataset\internet\clear\โอ๊ต.wav,1015.3,1016.4,none
C:\Users\muldi\Documents\Playground\University\senior-project-1\dataset\internet\clear\โอ๊ต.wav,1016.4,1017.5,none
C:\Users\muldi\Documents\Playground\University\senior-project-1\dataset\internet\clear\โอ๊ต.wav,1017.5,1018.6,none
C:\Users\muldi\Documents\Playground\University\senior-project-1\dataset\internet\clear\โอ๊ต.wav,1018.6,1019.7,none
C:\Users\muldi\Documents\Playground\University\senior-project-1\dataset\internet\clear\โอ๊ต.wav,1019.7,1020.8,none
C:\Users\muldi\Documents\Playground\University\senior-project-1\dataset\internet\clear\โอ๊ต.wav,1020.8,1021.9,none
C:\Users\muldi\Documents\Playground\University\senior-project-1\dataset\internet\clear\โอ๊ต.wav,1021.9,1023.0,none
C:\Users\muldi\Documents\Playground\University\senior-project-1\dataset\internet\clear\โอ๊ต.wav,1023.0,1024.1,none
C:\Users\muldi\Documents\Playground\University\senior-project-1\dataset\internet\clear\โอ๊ต.wav,1024.1,1025.2,none
C:\Users\muldi\Documents\Playground\University\senior-project-1\dataset\internet\clear\โอ๊ต.wav,1025.2,1026.3,none
C:\Users\muldi\Documents\Playground\University\senior-project-1\dataset\internet\clear\โอ๊ต.wav,1026.3,1027.4,none
C:\Users\muldi\Documents\Playground\University\senior-project-1\dataset\internet\clear\โอ๊ต.wav,1027.4,1028.5,none
C:\Users\muldi\Documents\Playground\University\senior-project-1\dataset\internet\clear\โอ๊ต.wav,1028.5,1029.6,none
C:\Users\muldi\Documents\Playground\University\senior-project-1\dataset\internet\clear\โอ๊ต.wav,1029.6,1030.7,none
C:\Users\muldi\Documents\Playground\University\senior-project-1\dataset\internet\clear\โอ๊ต.wav,1030.7,1031.8,none
C:\Users\muldi\Documents\Playground\University\senior-project-1\dataset\internet\clear\โอ๊ต.wav,1031.8,1032.9,none
C:\Users\muldi\Documents\Playground\University\senior-project-1\dataset\internet\clear\โอ๊ต.wav,1032.9,1034.0,none
C:\Users\muldi\Documents\Playground\University\senior-project-1\dataset\internet\clear\โอ๊ต.wav,1034.0,1035.1,none
C:\Users\muldi\Documents\Playground\University\senior-project-1\dataset\internet\clear\โอ๊ต.wav,1035.1,1036.2,none
C:\Users\muldi\Documents\Playground\University\senior-project-1\dataset\internet\clear\โอ๊ต.wav,1036.2,1037.3,none
C:\Users\muldi\Documents\Playground\University\senior-project-1\dataset\internet\clear\โอ๊ต.wav,1037.3,1038.4,none
C:\Users\muldi\Documents\Playground\University\senior-project-1\dataset\internet\clear\โอ๊ต.wav,1038.4,1039.5,none
C:\Users\muldi\Documents\Playground\University\senior-project-1\dataset\internet\clear\โอ๊ต.wav,1039.5,1040.6,none
C:\Users\muldi\Documents\Playground\University\senior-project-1\dataset\internet\clear\โอ๊ต.wav,1040.6,1041.7,none
C:\Users\muldi\Documents\Playground\University\senior-project-1\dataset\internet\clear\โอ๊ต.wav,1041.7,1042.8,none
C:\Users\muldi\Documents\Playground\University\senior-project-1\dataset\internet\clear\โอ๊ต.wav,1042.8,1043.9,none
C:\Users\muldi\Documents\Playground\University\senior-project-1\dataset\internet\clear\โอ๊ต.wav,1043.9,1045.0,none
C:\Users\muldi\Documents\Playground\University\senior-project-1\dataset\internet\clear\โอ๊ต.wav,1045.0,1046.1,none
C:\Users\muldi\Documents\Playground\University\senior-project-1\dataset\internet\clear\โอ๊ต.wav,1046.1,1047.2,none
C:\Users\muldi\Documents\Playground\University\senior-project-1\dataset\internet\clear\โอ๊ต.wav,1047.2,1048.3,none
C:\Users\muldi\Documents\Playground\University\senior-project-1\dataset\internet\clear\โอ๊ต.wav,1048.3,1049.4,none
C:\Users\muldi\Documents\Playground\University\senior-project-1\dataset\internet\clear\โอ๊ต.wav,1049.4,1050.5,none
C:\Users\muldi\Documents\Playground\University\senior-project-1\dataset\internet\clear\โอ๊ต.wav,1050.5,1051.6,none
C:\Users\muldi\Documents\Playground\University\senior-project-1\dataset\internet\clear\โอ๊ต.wav,1051.6,1052.7,none
C:\Users\muldi\Documents\Playground\University\senior-project-1\dataset\internet\clear\โอ๊ต.wav,1052.7,1053.8,none
C:\Users\muldi\Documents\Playground\University\senior-project-1\dataset\internet\clear\โอ๊ต.wav,1053.8,1054.9,none
C:\Users\muldi\Documents\Playground\University\senior-project-1\dataset\internet\clear\โอ๊ต.wav,1054.9,1056.0,none
C:\Users\muldi\Documents\Playground\University\senior-project-1\dataset\internet\clear\โอ๊ต.wav,1056.0,1057.1,none
C:\Users\muldi\Documents\Playground\University\senior-project-1\dataset\internet\clear\โอ๊ต.wav,1057.1,1058.2,none
C:\Users\muldi\Documents\Playground\University\senior-project-1\dataset\internet\clear\โอ๊ต.wav,1058.2,1059.3,none
C:\Users\muldi\Documents\Playground\University\senior-project-1\dataset\internet\clear\โอ๊ต.wav,1059.3,1060.4,none
C:\Users\muldi\Documents\Playground\University\senior-project-1\dataset\internet\clear\โอ๊ต.wav,1060.4,1061.5,none
C:\Users\muldi\Documents\Playground\University\senior-project-1\dataset\internet\clear\โอ๊ต.wav,1061.5,1062.6,none
C:\Users\muldi\Documents\Playground\University\senior-project-1\dataset\internet\clear\โอ๊ต.wav,1062.6,1063.7,none
C:\Users\muldi\Documents\Playground\University\senior-project-1\dataset\internet\clear\โอ๊ต.wav,1063.7,1064.8,none
C:\Users\muldi\Documents\Playground\University\senior-project-1\dataset\internet\clear\โอ๊ต.wav,1064.8,1065.9,none
C:\Users\muldi\Documents\Playground\University\senior-project-1\dataset\internet\clear\โอ๊ต.wav,1065.9,1067.0,none
C:\Users\muldi\Documents\Playground\University\senior-project-1\dataset\internet\clear\โอ๊ต.wav,1067.0,1068.1,none
C:\Users\muldi\Documents\Playground\University\senior-project-1\dataset\internet\clear\โอ๊ต.wav,1068.1,1069.2,none
C:\Users\muldi\Documents\Playground\University\senior-project-1\dataset\internet\clear\โอ๊ต.wav,1069.2,1070.3,none
C:\Users\muldi\Documents\Playground\University\senior-project-1\dataset\internet\clear\โอ๊ต.wav,1070.3,1071.4,none
C:\Users\muldi\Documents\Playground\University\senior-project-1\dataset\internet\clear\โอ๊ต.wav,1071.4,1072.5,none
C:\Users\muldi\Documents\Playground\University\senior-project-1\dataset\internet\clear\โอ๊ต.wav,1072.5,1073.6,none
C:\Users\muldi\Documents\Playground\University\senior-project-1\dataset\internet\clear\โอ๊ต.wav,1073.6,1074.7,none
C:\Users\muldi\Documents\Playground\University\senior-project-1\dataset\internet\clear\โอ๊ต.wav,1074.7,1075.8,none
C:\Users\muldi\Documents\Playground\University\senior-project-1\dataset\internet\clear\โอ๊ต.wav,1075.8,1076.9,เหี้ย
C:\Users\muldi\Documents\Playground\University\senior-project-1\dataset\internet\clear\โอ๊ต.wav,1076.9,1078.0,none
C:\Users\muldi\Documents\Playground\University\senior-project-1\dataset\internet\clear\โอ๊ต.wav,1078.0,1079.1,none
C:\Users\muldi\Documents\Playground\University\senior-project-1\dataset\internet\clear\โอ๊ต.wav,1079.1,1080.2,none
C:\Users\muldi\Documents\Playground\University\senior-project-1\dataset\internet\clear\โอ๊ต.wav,1080.2,1081.3,none
C:\Users\muldi\Documents\Playground\University\senior-project-1\dataset\internet\clear\โอ๊ต.wav,1081.3,1082.4,none
C:\Users\muldi\Documents\Playground\University\senior-project-1\dataset\internet\clear\โอ๊ต.wav,1082.4,1083.5,none
C:\Users\muldi\Documents\Playground\University\senior-project-1\dataset\internet\clear\โอ๊ต.wav,1083.5,1084.6,none
C:\Users\muldi\Documents\Playground\University\senior-project-1\dataset\internet\clear\โอ๊ต.wav,1084.6,1085.7,none
C:\Users\muldi\Documents\Playground\University\senior-project-1\dataset\internet\clear\โอ๊ต.wav,1085.7,1086.8,none
C:\Users\muldi\Documents\Playground\University\senior-project-1\dataset\internet\clear\โอ๊ต.wav,1086.8,1087.9,none
C:\Users\muldi\Documents\Playground\University\senior-project-1\dataset\internet\clear\โอ๊ต.wav,1087.9,1089.0,กู
C:\Users\muldi\Documents\Playground\University\senior-project-1\dataset\internet\clear\โอ๊ต.wav,1089.0,1090.1,none
C:\Users\muldi\Documents\Playground\University\senior-project-1\dataset\internet\clear\โอ๊ต.wav,1090.1,1091.2,none
C:\Users\muldi\Documents\Playground\University\senior-project-1\dataset\internet\clear\โอ๊ต.wav,1091.2,1092.3,none
C:\Users\muldi\Documents\Playground\University\senior-project-1\dataset\internet\clear\โอ๊ต.wav,1092.3,1093.4,none
C:\Users\muldi\Documents\Playground\University\senior-project-1\dataset\internet\clear\โอ๊ต.wav,1093.4,1094.5,none
C:\Users\muldi\Documents\Playground\University\senior-project-1\dataset\internet\clear\โอ๊ต.wav,1094.5,1095.6,none
C:\Users\muldi\Documents\Playground\University\senior-project-1\dataset\internet\clear\โอ๊ต.wav,1095.6,1096.7,none
C:\Users\muldi\Documents\Playground\University\senior-project-1\dataset\internet\clear\โอ๊ต.wav,1096.7,1097.8,none
C:\Users\muldi\Documents\Playground\University\senior-project-1\dataset\internet\clear\โอ๊ต.wav,1097.8,1098.9,none
C:\Users\muldi\Documents\Playground\University\senior-project-1\dataset\internet\clear\โอ๊ต.wav,1098.9,1100.0,none
C:\Users\muldi\Documents\Playground\University\senior-project-1\dataset\internet\clear\โอ๊ต.wav,1100.0,1101.1,none
C:\Users\muldi\Documents\Playground\University\senior-project-1\dataset\internet\clear\โอ๊ต.wav,1101.1,1102.2,none
C:\Users\muldi\Documents\Playground\University\senior-project-1\dataset\internet\clear\โอ๊ต.wav,1102.2,1103.3,none
C:\Users\muldi\Documents\Playground\University\senior-project-1\dataset\internet\clear\โอ๊ต.wav,1103.3,1104.4,none
C:\Users\muldi\Documents\Playground\University\senior-project-1\dataset\internet\clear\โอ๊ต.wav,1104.4,1105.5,none
C:\Users\muldi\Documents\Playground\University\senior-project-1\dataset\internet\clear\โอ๊ต.wav,1105.5,1106.6,none
C:\Users\muldi\Documents\Playground\University\senior-project-1\dataset\internet\clear\โอ๊ต.wav,1106.6,1107.7,none
C:\Users\muldi\Documents\Playground\University\senior-project-1\dataset\internet\clear\โอ๊ต.wav,1107.7,1108.8,none
C:\Users\muldi\Documents\Playground\University\senior-project-1\dataset\internet\clear\โอ๊ต.wav,1108.8,1109.9,none
C:\Users\muldi\Documents\Playground\University\senior-project-1\dataset\internet\clear\โอ๊ต.wav,1109.9,1111.0,none
C:\Users\muldi\Documents\Playground\University\senior-project-1\dataset\internet\clear\โอ๊ต.wav,1111.0,1112.1,none
C:\Users\muldi\Documents\Playground\University\senior-project-1\dataset\internet\clear\โอ๊ต.wav,1112.1,1113.2,none
C:\Users\muldi\Documents\Playground\University\senior-project-1\dataset\internet\clear\โอ๊ต.wav,1113.2,1114.3,none
C:\Users\muldi\Documents\Playground\University\senior-project-1\dataset\internet\clear\โอ๊ต.wav,1114.3,1115.4,none
C:\Users\muldi\Documents\Playground\University\senior-project-1\dataset\internet\clear\โอ๊ต.wav,1115.4,1116.5,none
C:\Users\muldi\Documents\Playground\University\senior-project-1\dataset\internet\clear\โอ๊ต.wav,1116.5,1117.6,none
C:\Users\muldi\Documents\Playground\University\senior-project-1\dataset\internet\clear\โอ๊ต.wav,1117.6,1118.7,none
C:\Users\muldi\Documents\Playground\University\senior-project-1\dataset\internet\clear\โอ๊ต.wav,1118.7,1119.8,none
C:\Users\muldi\Documents\Playground\University\senior-project-1\dataset\internet\clear\โอ๊ต.wav,1119.8,1120.9,none
C:\Users\muldi\Documents\Playground\University\senior-project-1\dataset\internet\clear\โอ๊ต.wav,1120.9,1122.0,none
C:\Users\muldi\Documents\Playground\University\senior-project-1\dataset\internet\clear\โอ๊ต.wav,1122.0,1123.1,none
C:\Users\muldi\Documents\Playground\University\senior-project-1\dataset\internet\clear\โอ๊ต.wav,1123.1,1124.2,none
C:\Users\muldi\Documents\Playground\University\senior-project-1\dataset\internet\clear\โอ๊ต.wav,1124.2,1125.3,none
C:\Users\muldi\Documents\Playground\University\senior-project-1\dataset\internet\clear\โอ๊ต.wav,1125.3,1126.4,none
C:\Users\muldi\Documents\Playground\University\senior-project-1\dataset\internet\clear\โอ๊ต.wav,1126.4,1127.5,none
C:\Users\muldi\Documents\Playground\University\senior-project-1\dataset\internet\clear\โอ๊ต.wav,1127.5,1128.6,none
C:\Users\muldi\Documents\Playground\University\senior-project-1\dataset\internet\clear\โอ๊ต.wav,1128.6,1129.7,none
C:\Users\muldi\Documents\Playground\University\senior-project-1\dataset\internet\clear\โอ๊ต.wav,1129.7,1130.8,none
C:\Users\muldi\Documents\Playground\University\senior-project-1\dataset\internet\clear\โอ๊ต.wav,1130.8,1131.9,none
C:\Users\muldi\Documents\Playground\University\senior-project-1\dataset\internet\clear\โอ๊ต.wav,1131.9,1133.0,none
C:\Users\muldi\Documents\Playground\University\senior-project-1\dataset\internet\clear\โอ๊ต.wav,1133.0,1134.1,none
C:\Users\muldi\Documents\Playground\University\senior-project-1\dataset\internet\clear\โอ๊ต.wav,1134.1,1135.2,none
C:\Users\muldi\Documents\Playground\University\senior-project-1\dataset\internet\clear\โอ๊ต.wav,1135.2,1136.3,none
C:\Users\muldi\Documents\Playground\University\senior-project-1\dataset\internet\clear\โอ๊ต.wav,1136.3,1137.4,none
C:\Users\muldi\Documents\Playground\University\senior-project-1\dataset\internet\clear\โอ๊ต.wav,1137.4,1138.5,none
C:\Users\muldi\Documents\Playground\University\senior-project-1\dataset\internet\clear\โอ๊ต.wav,1138.5,1139.6,none
C:\Users\muldi\Documents\Playground\University\senior-project-1\dataset\internet\clear\โอ๊ต.wav,1139.6,1140.7,none
C:\Users\muldi\Documents\Playground\University\senior-project-1\dataset\internet\clear\โอ๊ต.wav,1140.7,1141.8,none
C:\Users\muldi\Documents\Playground\University\senior-project-1\dataset\internet\clear\โอ๊ต.wav,1141.8,1142.9,none
C:\Users\muldi\Documents\Playground\University\senior-project-1\dataset\internet\clear\โอ๊ต.wav,1142.9,1144.0,none
C:\Users\muldi\Documents\Playground\University\senior-project-1\dataset\internet\clear\โอ๊ต.wav,1144.0,1145.1,none
C:\Users\muldi\Documents\Playground\University\senior-project-1\dataset\internet\clear\โอ๊ต.wav,1145.1,1146.2,none
C:\Users\muldi\Documents\Playground\University\senior-project-1\dataset\internet\clear\โอ๊ต.wav,1146.2,1147.3,none
C:\Users\muldi\Documents\Playground\University\senior-project-1\dataset\internet\clear\โอ๊ต.wav,1147.3,1148.4,none
C:\Users\muldi\Documents\Playground\University\senior-project-1\dataset\internet\clear\โอ๊ต.wav,1148.4,1149.5,none
C:\Users\muldi\Documents\Playground\University\senior-project-1\dataset\internet\clear\โอ๊ต.wav,1149.5,1150.6,none
C:\Users\muldi\Documents\Playground\University\senior-project-1\dataset\internet\clear\โอ๊ต.wav,1150.6,1151.7,none
C:\Users\muldi\Documents\Playground\University\senior-project-1\dataset\internet\clear\โอ๊ต.wav,1151.7,1152.8,none
C:\Users\muldi\Documents\Playground\University\senior-project-1\dataset\internet\clear\โอ๊ต.wav,1152.8,1153.9,none
C:\Users\muldi\Documents\Playground\University\senior-project-1\dataset\internet\clear\โอ๊ต.wav,1153.9,1155.0,none
C:\Users\muldi\Documents\Playground\University\senior-project-1\dataset\internet\clear\โอ๊ต.wav,1155.0,1156.1,none
C:\Users\muldi\Documents\Playground\University\senior-project-1\dataset\internet\clear\โอ๊ต.wav,1156.1,1157.2,none
C:\Users\muldi\Documents\Playground\University\senior-project-1\dataset\internet\clear\โอ๊ต.wav,1157.2,1158.3,none
C:\Users\muldi\Documents\Playground\University\senior-project-1\dataset\internet\clear\โอ๊ต.wav,1158.3,1159.4,none
C:\Users\muldi\Documents\Playground\University\senior-project-1\dataset\internet\clear\โอ๊ต.wav,1159.4,1160.5,none
C:\Users\muldi\Documents\Playground\University\senior-project-1\dataset\internet\clear\โอ๊ต.wav,1160.5,1161.6,none
C:\Users\muldi\Documents\Playground\University\senior-project-1\dataset\internet\clear\โอ๊ต.wav,1161.6,1162.7,none
C:\Users\muldi\Documents\Playground\University\senior-project-1\dataset\internet\clear\โอ๊ต.wav,1162.7,1163.8,มึง
C:\Users\muldi\Documents\Playground\University\senior-project-1\dataset\internet\clear\โอ๊ต.wav,1163.8,1164.9,none
C:\Users\muldi\Documents\Playground\University\senior-project-1\dataset\internet\clear\โอ๊ต.wav,1164.9,1166.0,none
C:\Users\muldi\Documents\Playground\University\senior-project-1\dataset\internet\clear\โอ๊ต.wav,1166.0,1167.1,none
C:\Users\muldi\Documents\Playground\University\senior-project-1\dataset\internet\clear\โอ๊ต.wav,1167.1,1168.2,none
C:\Users\muldi\Documents\Playground\University\senior-project-1\dataset\internet\clear\โอ๊ต.wav,1168.2,1169.3,none
C:\Users\muldi\Documents\Playground\University\senior-project-1\dataset\internet\clear\โอ๊ต.wav,1169.3,1170.4,กู
C:\Users\muldi\Documents\Playground\University\senior-project-1\dataset\internet\clear\โอ๊ต.wav,1170.4,1171.5,none
C:\Users\muldi\Documents\Playground\University\senior-project-1\dataset\internet\clear\โอ๊ต.wav,1171.5,1172.6,none
C:\Users\muldi\Documents\Playground\University\senior-project-1\dataset\internet\clear\โอ๊ต.wav,1172.6,1173.7,none
C:\Users\muldi\Documents\Playground\University\senior-project-1\dataset\internet\clear\โอ๊ต.wav,1173.7,1174.8,none
C:\Users\muldi\Documents\Playground\University\senior-project-1\dataset\internet\clear\โอ๊ต.wav,1174.8,1175.9,none
C:\Users\muldi\Documents\Playground\University\senior-project-1\dataset\internet\clear\โอ๊ต.wav,1175.9,1177.0,none
C:\Users\muldi\Documents\Playground\University\senior-project-1\dataset\internet\clear\โอ๊ต.wav,1177.0,1178.1,none
C:\Users\muldi\Documents\Playground\University\senior-project-1\dataset\internet\clear\โอ๊ต.wav,1178.1,1179.2,none
C:\Users\muldi\Documents\Playground\University\senior-project-1\dataset\internet\clear\โอ๊ต.wav,1179.2,1180.3,none
C:\Users\muldi\Documents\Playground\University\senior-project-1\dataset\internet\clear\โอ๊ต.wav,1180.3,1181.4,none
C:\Users\muldi\Documents\Playground\University\senior-project-1\dataset\internet\clear\โอ๊ต.wav,1181.4,1182.5,none
C:\Users\muldi\Documents\Playground\University\senior-project-1\dataset\internet\clear\โอ๊ต.wav,1182.5,1183.6,none
C:\Users\muldi\Documents\Playground\University\senior-project-1\dataset\internet\clear\โอ๊ต.wav,1183.6,1184.7,none
C:\Users\muldi\Documents\Playground\University\senior-project-1\dataset\internet\clear\โอ๊ต.wav,1184.7,1185.8,none
C:\Users\muldi\Documents\Playground\University\senior-project-1\dataset\internet\clear\โอ๊ต.wav,1185.8,1186.9,none
C:\Users\muldi\Documents\Playground\University\senior-project-1\dataset\internet\clear\โอ๊ต.wav,1186.9,1188.0,none
C:\Users\muldi\Documents\Playground\University\senior-project-1\dataset\internet\clear\โอ๊ต.wav,1188.0,1189.1,none
C:\Users\muldi\Documents\Playground\University\senior-project-1\dataset\internet\clear\โอ๊ต.wav,1189.1,1190.2,none
C:\Users\muldi\Documents\Playground\University\senior-project-1\dataset\internet\clear\โอ๊ต.wav,1190.2,1191.3,none
C:\Users\muldi\Documents\Playground\University\senior-project-1\dataset\internet\clear\โอ๊ต.wav,1191.3,1192.4,none
C:\Users\muldi\Documents\Playground\University\senior-project-1\dataset\internet\clear\โอ๊ต.wav,1192.4,1193.5,none
C:\Users\muldi\Documents\Playground\University\senior-project-1\dataset\internet\clear\โอ๊ต.wav,1193.5,1194.6,none
C:\Users\muldi\Documents\Playground\University\senior-project-1\dataset\internet\clear\โอ๊ต.wav,1194.6,1195.7,none
C:\Users\muldi\Documents\Playground\University\senior-project-1\dataset\internet\clear\โอ๊ต.wav,1195.7,1196.8,none
C:\Users\muldi\Documents\Playground\University\senior-project-1\dataset\internet\clear\โอ๊ต.wav,1196.8,1197.9,none
C:\Users\muldi\Documents\Playground\University\senior-project-1\dataset\internet\clear\โอ๊ต.wav,1197.9,1199.0,none
C:\Users\muldi\Documents\Playground\University\senior-project-1\dataset\internet\clear\โอ๊ต.wav,1199.0,1200.1,none
C:\Users\muldi\Documents\Playground\University\senior-project-1\dataset\internet\clear\โอ๊ต.wav,1200.1,1201.2,none
C:\Users\muldi\Documents\Playground\University\senior-project-1\dataset\internet\clear\โอ๊ต.wav,1201.2,1202.3,none
C:\Users\muldi\Documents\Playground\University\senior-project-1\dataset\internet\clear\โอ๊ต.wav,1202.3,1203.4,none
C:\Users\muldi\Documents\Playground\University\senior-project-1\dataset\internet\clear\โอ๊ต.wav,1203.4,1204.5,none
C:\Users\muldi\Documents\Playground\University\senior-project-1\dataset\internet\clear\โอ๊ต.wav,1204.5,1205.6,none
C:\Users\muldi\Documents\Playground\University\senior-project-1\dataset\internet\clear\โอ๊ต.wav,1205.6,1206.7,none
C:\Users\muldi\Documents\Playground\University\senior-project-1\dataset\internet\clear\โอ๊ต.wav,1206.7,1207.8,none
C:\Users\muldi\Documents\Playground\University\senior-project-1\dataset\internet\clear\โอ๊ต.wav,1207.8,1208.9,none
C:\Users\muldi\Documents\Playground\University\senior-project-1\dataset\internet\clear\โอ๊ต.wav,1208.9,1210.0,none
C:\Users\muldi\Documents\Playground\University\senior-project-1\dataset\internet\clear\โอ๊ต.wav,1210.0,1211.1,none
C:\Users\muldi\Documents\Playground\University\senior-project-1\dataset\internet\clear\โอ๊ต.wav,1211.1,1212.2,none
C:\Users\muldi\Documents\Playground\University\senior-project-1\dataset\internet\clear\โอ๊ต.wav,1212.2,1213.3,none
C:\Users\muldi\Documents\Playground\University\senior-project-1\dataset\internet\clear\โอ๊ต.wav,1213.3,1214.4,none
C:\Users\muldi\Documents\Playground\University\senior-project-1\dataset\internet\clear\โอ๊ต.wav,1214.4,1215.5,none
C:\Users\muldi\Documents\Playground\University\senior-project-1\dataset\internet\clear\โอ๊ต.wav,1215.5,1216.6,none
C:\Users\muldi\Documents\Playground\University\senior-project-1\dataset\internet\clear\โอ๊ต.wav,1216.6,1217.7,none
C:\Users\muldi\Documents\Playground\University\senior-project-1\dataset\internet\clear\โอ๊ต.wav,1217.7,1218.8,none
C:\Users\muldi\Documents\Playground\University\senior-project-1\dataset\internet\clear\โอ๊ต.wav,1218.8,1219.9,none
C:\Users\muldi\Documents\Playground\University\senior-project-1\dataset\internet\clear\โอ๊ต.wav,1219.9,1221.0,none
C:\Users\muldi\Documents\Playground\University\senior-project-1\dataset\internet\clear\โอ๊ต.wav,1221.0,1222.1,none
C:\Users\muldi\Documents\Playground\University\senior-project-1\dataset\internet\clear\โอ๊ต.wav,1222.1,1223.2,none
C:\Users\muldi\Documents\Playground\University\senior-project-1\dataset\internet\clear\โอ๊ต.wav,1223.2,1224.3,none
C:\Users\muldi\Documents\Playground\University\senior-project-1\dataset\internet\clear\โอ๊ต.wav,1224.3,1225.4,none
C:\Users\muldi\Documents\Playground\University\senior-project-1\dataset\internet\clear\โอ๊ต.wav,1225.4,1226.5,none
C:\Users\muldi\Documents\Playground\University\senior-project-1\dataset\internet\clear\โอ๊ต.wav,1226.5,1227.6,none
C:\Users\muldi\Documents\Playground\University\senior-project-1\dataset\internet\clear\โอ๊ต.wav,1227.6,1228.7,none
C:\Users\muldi\Documents\Playground\University\senior-project-1\dataset\internet\clear\โอ๊ต.wav,1228.7,1229.8,none
C:\Users\muldi\Documents\Playground\University\senior-project-1\dataset\internet\clear\โอ๊ต.wav,1229.8,1230.9,none
C:\Users\muldi\Documents\Playground\University\senior-project-1\dataset\internet\clear\โอ๊ต.wav,1230.9,1232.0,none
C:\Users\muldi\Documents\Playground\University\senior-project-1\dataset\internet\clear\โอ๊ต.wav,1232.0,1233.1,none
C:\Users\muldi\Documents\Playground\University\senior-project-1\dataset\internet\clear\โอ๊ต.wav,1233.1,1234.2,none
C:\Users\muldi\Documents\Playground\University\senior-project-1\dataset\internet\clear\โอ๊ต.wav,1234.2,1235.3,none
C:\Users\muldi\Documents\Playground\University\senior-project-1\dataset\internet\clear\โอ๊ต.wav,1235.3,1236.4,none
C:\Users\muldi\Documents\Playground\University\senior-project-1\dataset\internet\clear\โอ๊ต.wav,1236.4,1237.5,none
C:\Users\muldi\Documents\Playground\University\senior-project-1\dataset\internet\clear\โอ๊ต.wav,1237.5,1238.6,none
C:\Users\muldi\Documents\Playground\University\senior-project-1\dataset\internet\clear\โอ๊ต.wav,1238.6,1239.7,none
C:\Users\muldi\Documents\Playground\University\senior-project-1\dataset\internet\clear\โอ๊ต.wav,1239.7,1240.8,none
C:\Users\muldi\Documents\Playground\University\senior-project-1\dataset\internet\clear\โอ๊ต.wav,1240.8,1241.9,none
C:\Users\muldi\Documents\Playground\University\senior-project-1\dataset\internet\clear\โอ๊ต.wav,1241.9,1243.0,none
C:\Users\muldi\Documents\Playground\University\senior-project-1\dataset\internet\clear\โอ๊ต.wav,1243.0,1244.1,none
C:\Users\muldi\Documents\Playground\University\senior-project-1\dataset\internet\clear\โอ๊ต.wav,1244.1,1245.2,none
C:\Users\muldi\Documents\Playground\University\senior-project-1\dataset\internet\clear\โอ๊ต.wav,1245.2,1246.3,none
C:\Users\muldi\Documents\Playground\University\senior-project-1\dataset\internet\clear\โอ๊ต.wav,1246.3,1247.4,none
C:\Users\muldi\Documents\Playground\University\senior-project-1\dataset\internet\clear\โอ๊ต.wav,1247.4,1248.5,none
C:\Users\muldi\Documents\Playground\University\senior-project-1\dataset\internet\clear\โอ๊ต.wav,1248.5,1249.6,none
C:\Users\muldi\Documents\Playground\University\senior-project-1\dataset\internet\clear\โอ๊ต.wav,1249.6,1250.7,none
C:\Users\muldi\Documents\Playground\University\senior-project-1\dataset\internet\clear\โอ๊ต.wav,1250.7,1251.8,none
C:\Users\muldi\Documents\Playground\University\senior-project-1\dataset\internet\clear\โอ๊ต.wav,1251.8,1252.9,none
C:\Users\muldi\Documents\Playground\University\senior-project-1\dataset\internet\clear\โอ๊ต.wav,1252.9,1254.0,none
C:\Users\muldi\Documents\Playground\University\senior-project-1\dataset\internet\clear\โอ๊ต.wav,1254.0,1255.1,none
C:\Users\muldi\Documents\Playground\University\senior-project-1\dataset\internet\clear\โอ๊ต.wav,1255.1,1256.2,none
C:\Users\muldi\Documents\Playground\University\senior-project-1\dataset\internet\clear\โอ๊ต.wav,1256.2,1257.3,none
C:\Users\muldi\Documents\Playground\University\senior-project-1\dataset\internet\clear\โอ๊ต.wav,1257.3,1258.4,none
C:\Users\muldi\Documents\Playground\University\senior-project-1\dataset\internet\clear\โอ๊ต.wav,1258.4,1259.5,none
C:\Users\muldi\Documents\Playground\University\senior-project-1\dataset\internet\clear\โอ๊ต.wav,1259.5,1260.6,none
C:\Users\muldi\Documents\Playground\University\senior-project-1\dataset\internet\clear\โอ๊ต.wav,1260.6,1261.7,none
C:\Users\muldi\Documents\Playground\University\senior-project-1\dataset\internet\clear\โอ๊ต.wav,1261.7,1262.8,none
C:\Users\muldi\Documents\Playground\University\senior-project-1\dataset\internet\clear\โอ๊ต.wav,1262.8,1263.9,none
C:\Users\muldi\Documents\Playground\University\senior-project-1\dataset\internet\clear\โอ๊ต.wav,1263.9,1265.0,none
C:\Users\muldi\Documents\Playground\University\senior-project-1\dataset\internet\clear\โอ๊ต.wav,1265.0,1266.1,none
C:\Users\muldi\Documents\Playground\University\senior-project-1\dataset\internet\clear\โอ๊ต.wav,1266.1,1267.2,none
C:\Users\muldi\Documents\Playground\University\senior-project-1\dataset\internet\clear\โอ๊ต.wav,1267.2,1268.3,none
C:\Users\muldi\Documents\Playground\University\senior-project-1\dataset\internet\clear\โอ๊ต.wav,1268.3,1269.4,none
C:\Users\muldi\Documents\Playground\University\senior-project-1\dataset\internet\clear\โอ๊ต.wav,1269.4,1270.5,none
C:\Users\muldi\Documents\Playground\University\senior-project-1\dataset\internet\clear\โอ๊ต.wav,1270.5,1271.6,none
C:\Users\muldi\Documents\Playground\University\senior-project-1\dataset\internet\clear\โอ๊ต.wav,1271.6,1272.7,none
C:\Users\muldi\Documents\Playground\University\senior-project-1\dataset\internet\clear\โอ๊ต.wav,1272.7,1273.8,none
C:\Users\muldi\Documents\Playground\University\senior-project-1\dataset\internet\clear\โอ๊ต.wav,1273.8,1274.9,none
C:\Users\muldi\Documents\Playground\University\senior-project-1\dataset\internet\clear\โอ๊ต.wav,1274.9,1276.0,none
C:\Users\muldi\Documents\Playground\University\senior-project-1\dataset\internet\clear\โอ๊ต.wav,1276.0,1277.1,none
C:\Users\muldi\Documents\Playground\University\senior-project-1\dataset\internet\clear\โอ๊ต.wav,1277.1,1278.2,none
C:\Users\muldi\Documents\Playground\University\senior-project-1\dataset\internet\clear\โอ๊ต.wav,1278.2,1279.3,none
C:\Users\muldi\Documents\Playground\University\senior-project-1\dataset\internet\clear\โอ๊ต.wav,1279.3,1280.4,none
C:\Users\muldi\Documents\Playground\University\senior-project-1\dataset\internet\clear\โอ๊ต.wav,1280.4,1281.5,none
C:\Users\muldi\Documents\Playground\University\senior-project-1\dataset\internet\clear\โอ๊ต.wav,1281.5,1282.6,none
C:\Users\muldi\Documents\Playground\University\senior-project-1\dataset\internet\clear\โอ๊ต.wav,1282.6,1283.7,none
C:\Users\muldi\Documents\Playground\University\senior-project-1\dataset\internet\clear\โอ๊ต.wav,1283.7,1284.8,none
C:\Users\muldi\Documents\Playground\University\senior-project-1\dataset\internet\clear\โอ๊ต.wav,1284.8,1285.9,none
C:\Users\muldi\Documents\Playground\University\senior-project-1\dataset\internet\clear\โอ๊ต.wav,1285.9,1287.0,none
C:\Users\muldi\Documents\Playground\University\senior-project-1\dataset\internet\clear\โอ๊ต.wav,1287.0,1288.1,none
C:\Users\muldi\Documents\Playground\University\senior-project-1\dataset\internet\clear\โอ๊ต.wav,1288.1,1289.2,none
C:\Users\muldi\Documents\Playground\University\senior-project-1\dataset\internet\clear\โอ๊ต.wav,1289.2,1290.3,none
C:\Users\muldi\Documents\Playground\University\senior-project-1\dataset\internet\clear\โอ๊ต.wav,1290.3,1291.4,none
C:\Users\muldi\Documents\Playground\University\senior-project-1\dataset\internet\clear\โอ๊ต.wav,1291.4,1292.5,none
C:\Users\muldi\Documents\Playground\University\senior-project-1\dataset\internet\clear\โอ๊ต.wav,1292.5,1293.6,none
C:\Users\muldi\Documents\Playground\University\senior-project-1\dataset\internet\clear\โอ๊ต.wav,1293.6,1294.7,none
C:\Users\muldi\Documents\Playground\University\senior-project-1\dataset\internet\clear\โอ๊ต.wav,1294.7,1295.8,none
C:\Users\muldi\Documents\Playground\University\senior-project-1\dataset\internet\clear\โอ๊ต.wav,1295.8,1296.9,none
C:\Users\muldi\Documents\Playground\University\senior-project-1\dataset\internet\clear\โอ๊ต.wav,1296.9,1298.0,none
C:\Users\muldi\Documents\Playground\University\senior-project-1\dataset\internet\clear\โอ๊ต.wav,1298.0,1299.1,none
C:\Users\muldi\Documents\Playground\University\senior-project-1\dataset\internet\clear\โอ๊ต.wav,1299.1,1300.2,none
C:\Users\muldi\Documents\Playground\University\senior-project-1\dataset\internet\clear\โอ๊ต.wav,1300.2,1301.3,เหี้ย
C:\Users\muldi\Documents\Playground\University\senior-project-1\dataset\internet\clear\โอ๊ต.wav,1301.3,1302.4,none
C:\Users\muldi\Documents\Playground\University\senior-project-1\dataset\internet\clear\โอ๊ต.wav,1302.4,1303.5,none
C:\Users\muldi\Documents\Playground\University\senior-project-1\dataset\internet\clear\โอ๊ต.wav,1303.5,1304.6,none
C:\Users\muldi\Documents\Playground\University\senior-project-1\dataset\internet\clear\โอ๊ต.wav,1304.6,1305.7,none
C:\Users\muldi\Documents\Playground\University\senior-project-1\dataset\internet\clear\โอ๊ต.wav,1305.7,1306.8,none
C:\Users\muldi\Documents\Playground\University\senior-project-1\dataset\internet\clear\โอ๊ต.wav,1306.8,1307.9,none
C:\Users\muldi\Documents\Playground\University\senior-project-1\dataset\internet\clear\โอ๊ต.wav,1307.9,1309.0,none
C:\Users\muldi\Documents\Playground\University\senior-project-1\dataset\internet\clear\โอ๊ต.wav,1309.0,1310.1,none
C:\Users\muldi\Documents\Playground\University\senior-project-1\dataset\internet\clear\โอ๊ต.wav,1310.1,1311.2,none
C:\Users\muldi\Documents\Playground\University\senior-project-1\dataset\internet\clear\โอ๊ต.wav,1311.2,1312.3,none
C:\Users\muldi\Documents\Playground\University\senior-project-1\dataset\internet\clear\โอ๊ต.wav,1312.3,1313.4,none
C:\Users\muldi\Documents\Playground\University\senior-project-1\dataset\internet\clear\โอ๊ต.wav,1313.4,1314.5,none
C:\Users\muldi\Documents\Playground\University\senior-project-1\dataset\internet\clear\โอ๊ต.wav,1314.5,1315.6,none
C:\Users\muldi\Documents\Playground\University\senior-project-1\dataset\internet\clear\โอ๊ต.wav,1315.6,1316.7,none
C:\Users\muldi\Documents\Playground\University\senior-project-1\dataset\internet\clear\โอ๊ต.wav,1316.7,1317.8,none
C:\Users\muldi\Documents\Playground\University\senior-project-1\dataset\internet\clear\โอ๊ต.wav,1317.8,1318.9,none
C:\Users\muldi\Documents\Playground\University\senior-project-1\dataset\internet\clear\โอ๊ต.wav,1318.9,1320.0,none
C:\Users\muldi\Documents\Playground\University\senior-project-1\dataset\internet\clear\โอ๊ต.wav,1320.0,1321.1,none
C:\Users\muldi\Documents\Playground\University\senior-project-1\dataset\internet\clear\โอ๊ต.wav,1321.1,1322.2,none
C:\Users\muldi\Documents\Playground\University\senior-project-1\dataset\internet\clear\โอ๊ต.wav,1322.2,1323.3,none
C:\Users\muldi\Documents\Playground\University\senior-project-1\dataset\internet\clear\โอ๊ต.wav,1323.3,1324.4,none
C:\Users\muldi\Documents\Playground\University\senior-project-1\dataset\internet\clear\โอ๊ต.wav,1324.4,1325.5,none
C:\Users\muldi\Documents\Playground\University\senior-project-1\dataset\internet\clear\โอ๊ต.wav,1325.5,1326.6,none
C:\Users\muldi\Documents\Playground\University\senior-project-1\dataset\internet\clear\โอ๊ต.wav,1326.6,1327.7,none
C:\Users\muldi\Documents\Playground\University\senior-project-1\dataset\internet\clear\โอ๊ต.wav,1327.7,1328.8,none
C:\Users\muldi\Documents\Playground\University\senior-project-1\dataset\internet\clear\โอ๊ต.wav,1328.8,1329.9,none
C:\Users\muldi\Documents\Playground\University\senior-project-1\dataset\internet\clear\โอ๊ต.wav,1329.9,1331.0,none
C:\Users\muldi\Documents\Playground\University\senior-project-1\dataset\internet\clear\โอ๊ต.wav,1331.0,1332.1,none
C:\Users\muldi\Documents\Playground\University\senior-project-1\dataset\internet\clear\โอ๊ต.wav,1332.1,1333.2,none
C:\Users\muldi\Documents\Playground\University\senior-project-1\dataset\internet\clear\โอ๊ต.wav,1333.2,1334.3,none
C:\Users\muldi\Documents\Playground\University\senior-project-1\dataset\internet\clear\โอ๊ต.wav,1334.3,1335.4,none
C:\Users\muldi\Documents\Playground\University\senior-project-1\dataset\internet\clear\โอ๊ต.wav,1335.4,1336.5,none
C:\Users\muldi\Documents\Playground\University\senior-project-1\dataset\internet\clear\โอ๊ต.wav,1336.5,1337.6,none
C:\Users\muldi\Documents\Playground\University\senior-project-1\dataset\internet\clear\โอ๊ต.wav,1337.6,1338.7,none
C:\Users\muldi\Documents\Playground\University\senior-project-1\dataset\internet\clear\โอ๊ต.wav,1338.7,1339.8,none
C:\Users\muldi\Documents\Playground\University\senior-project-1\dataset\internet\clear\โอ๊ต.wav,1339.8,1340.9,none
C:\Users\muldi\Documents\Playground\University\senior-project-1\dataset\internet\clear\โอ๊ต.wav,1340.9,1342.0,none
C:\Users\muldi\Documents\Playground\University\senior-project-1\dataset\internet\clear\โอ๊ต.wav,1342.0,1343.1,none
C:\Users\muldi\Documents\Playground\University\senior-project-1\dataset\internet\clear\โอ๊ต.wav,1343.1,1344.2,none
C:\Users\muldi\Documents\Playground\University\senior-project-1\dataset\internet\clear\โอ๊ต.wav,1344.2,1345.3,none
C:\Users\muldi\Documents\Playground\University\senior-project-1\dataset\internet\clear\โอ๊ต.wav,1345.3,1346.4,none
C:\Users\muldi\Documents\Playground\University\senior-project-1\dataset\internet\clear\โอ๊ต.wav,1346.4,1347.5,none
C:\Users\muldi\Documents\Playground\University\senior-project-1\dataset\internet\clear\โอ๊ต.wav,1347.5,1348.6,none
C:\Users\muldi\Documents\Playground\University\senior-project-1\dataset\internet\clear\โอ๊ต.wav,1348.6,1349.7,none
C:\Users\muldi\Documents\Playground\University\senior-project-1\dataset\internet\clear\โอ๊ต.wav,1349.7,1350.8,none
C:\Users\muldi\Documents\Playground\University\senior-project-1\dataset\internet\clear\โอ๊ต.wav,1350.8,1351.9,none
C:\Users\muldi\Documents\Playground\University\senior-project-1\dataset\internet\clear\โอ๊ต.wav,1351.9,1353.0,none
C:\Users\muldi\Documents\Playground\University\senior-project-1\dataset\internet\clear\โอ๊ต.wav,1353.0,1354.1,none
C:\Users\muldi\Documents\Playground\University\senior-project-1\dataset\internet\clear\โอ๊ต.wav,1354.1,1355.2,none
C:\Users\muldi\Documents\Playground\University\senior-project-1\dataset\internet\clear\โอ๊ต.wav,1355.2,1356.3,none
C:\Users\muldi\Documents\Playground\University\senior-project-1\dataset\internet\clear\โอ๊ต.wav,1356.3,1357.4,none
C:\Users\muldi\Documents\Playground\University\senior-project-1\dataset\internet\clear\ใต้น้ำยังจะตามมาอีก!!.wav,0.0,1.1,none
C:\Users\muldi\Documents\Playground\University\senior-project-1\dataset\internet\clear\ใต้น้ำยังจะตามมาอีก!!.wav,1.1,2.2,none
C:\Users\muldi\Documents\Playground\University\senior-project-1\dataset\internet\clear\ใต้น้ำยังจะตามมาอีก!!.wav,2.2,3.3,none
C:\Users\muldi\Documents\Playground\University\senior-project-1\dataset\internet\clear\ใต้น้ำยังจะตามมาอีก!!.wav,3.3,4.4,none
C:\Users\muldi\Documents\Playground\University\senior-project-1\dataset\internet\clear\ใต้น้ำยังจะตามมาอีก!!.wav,4.4,5.5,none
C:\Users\muldi\Documents\Playground\University\senior-project-1\dataset\internet\clear\ใต้น้ำยังจะตามมาอีก!!.wav,5.5,6.6,เหี้ย
C:\Users\muldi\Documents\Playground\University\senior-project-1\dataset\internet\clear\ใต้น้ำยังจะตามมาอีก!!.wav,6.6,7.7,none
C:\Users\muldi\Documents\Playground\University\senior-project-1\dataset\internet\clear\ใต้น้ำยังจะตามมาอีก!!.wav,7.7,8.8,none
C:\Users\muldi\Documents\Playground\University\senior-project-1\dataset\internet\clear\ใต้น้ำยังจะตามมาอีก!!.wav,8.8,9.9,กู
C:\Users\muldi\Documents\Playground\University\senior-project-1\dataset\internet\clear\ใต้น้ำยังจะตามมาอีก!!.wav,9.9,11.0,มึง
C:\Users\muldi\Documents\Playground\University\senior-project-1\dataset\internet\clear\ใต้น้ำยังจะตามมาอีก!!.wav,11.0,12.1,เหี้ย
C:\Users\muldi\Documents\Playground\University\senior-project-1\dataset\internet\clear\ใต้น้ำยังจะตามมาอีก!!.wav,12.1,13.2,กู
C:\Users\muldi\Documents\Playground\University\senior-project-1\dataset\internet\clear\ใต้น้ำยังจะตามมาอีก!!.wav,13.2,14.3,none
C:\Users\muldi\Documents\Playground\University\senior-project-1\dataset\internet\clear\ใต้น้ำยังจะตามมาอีก!!.wav,14.3,15.4,none
C:\Users\muldi\Documents\Playground\University\senior-project-1\dataset\internet\clear\ใต้น้ำยังจะตามมาอีก!!.wav,15.4,16.5,none
C:\Users\muldi\Documents\Playground\University\senior-project-1\dataset\internet\clear\ใต้น้ำยังจะตามมาอีก!!.wav,16.5,17.6,none
C:\Users\muldi\Documents\Playground\University\senior-project-1\dataset\internet\clear\ใต้น้ำยังจะตามมาอีก!!.wav,17.6,18.7,none
C:\Users\muldi\Documents\Playground\University\senior-project-1\dataset\internet\clear\ใต้น้ำยังจะตามมาอีก!!.wav,18.7,19.8,กู
C:\Users\muldi\Documents\Playground\University\senior-project-1\dataset\internet\clear\ใต้น้ำยังจะตามมาอีก!!.wav,19.8,20.9,none
C:\Users\muldi\Documents\Playground\University\senior-project-1\dataset\internet\clear\ใต้น้ำยังจะตามมาอีก!!.wav,20.9,22.0,เหี้ย
C:\Users\muldi\Documents\Playground\University\senior-project-1\dataset\internet\clear\ใต้น้ำยังจะตามมาอีก!!.wav,22.0,23.1,none
C:\Users\muldi\Documents\Playground\University\senior-project-1\dataset\internet\clear\ใต้น้ำยังจะตามมาอีก!!.wav,23.1,24.2,none
C:\Users\muldi\Documents\Playground\University\senior-project-1\dataset\internet\clear\ใต้น้ำยังจะตามมาอีก!!.wav,24.2,25.3,none
C:\Users\muldi\Documents\Playground\University\senior-project-1\dataset\internet\clear\ใต้น้ำยังจะตามมาอีก!!.wav,25.3,26.4,none
C:\Users\muldi\Documents\Playground\University\senior-project-1\dataset\internet\clear\ใต้น้ำยังจะตามมาอีก!!.wav,26.4,27.5,none
C:\Users\muldi\Documents\Playground\University\senior-project-1\dataset\internet\clear\ใต้น้ำยังจะตามมาอีก!!.wav,27.5,28.6,none
C:\Users\muldi\Documents\Playground\University\senior-project-1\dataset\internet\clear\ใต้น้ำยังจะตามมาอีก!!.wav,28.6,29.7,none
C:\Users\muldi\Documents\Playground\University\senior-project-1\dataset\internet\clear\ใต้น้ำยังจะตามมาอีก!!.wav,29.7,30.8,none
C:\Users\muldi\Documents\Playground\University\senior-project-1\dataset\internet\clear\ใต้น้ำยังจะตามมาอีก!!.wav,30.8,31.9,none
C:\Users\muldi\Documents\Playground\University\senior-project-1\dataset\internet\clear\ใต้น้ำยังจะตามมาอีก!!.wav,31.9,33.0,none
C:\Users\muldi\Documents\Playground\University\senior-project-1\dataset\internet\clear\ใต้น้ำยังจะตามมาอีก!!.wav,33.0,34.1,none
C:\Users\muldi\Documents\Playground\University\senior-project-1\dataset\internet\clear\ใต้น้ำยังจะตามมาอีก!!.wav,34.1,35.2,none
C:\Users\muldi\Documents\Playground\University\senior-project-1\dataset\internet\clear\ใต้น้ำยังจะตามมาอีก!!.wav,35.2,36.3,none
C:\Users\muldi\Documents\Playground\University\senior-project-1\dataset\internet\clear\ใต้น้ำยังจะตามมาอีก!!.wav,36.3,37.4,none
C:\Users\muldi\Documents\Playground\University\senior-project-1\dataset\internet\clear\ใต้น้ำยังจะตามมาอีก!!.wav,37.4,38.5,none
C:\Users\muldi\Documents\Playground\University\senior-project-1\dataset\internet\clear\ใต้น้ำยังจะตามมาอีก!!.wav,38.5,39.6,none
C:\Users\muldi\Documents\Playground\University\senior-project-1\dataset\internet\clear\ใต้น้ำยังจะตามมาอีก!!.wav,39.6,40.7,none
C:\Users\muldi\Documents\Playground\University\senior-project-1\dataset\internet\clear\ใต้น้ำยังจะตามมาอีก!!.wav,40.7,41.8,none
C:\Users\muldi\Documents\Playground\University\senior-project-1\dataset\internet\clear\ใต้น้ำยังจะตามมาอีก!!.wav,41.8,42.9,none
C:\Users\muldi\Documents\Playground\University\senior-project-1\dataset\internet\clear\ใต้น้ำยังจะตามมาอีก!!.wav,42.9,44.0,none
C:\Users\muldi\Documents\Playground\University\senior-project-1\dataset\internet\clear\ใต้น้ำยังจะตามมาอีก!!.wav,44.0,45.1,none
C:\Users\muldi\Documents\Playground\University\senior-project-1\dataset\internet\clear\ใต้น้ำยังจะตามมาอีก!!.wav,45.1,46.2,none
C:\Users\muldi\Documents\Playground\University\senior-project-1\dataset\internet\clear\ใต้น้ำยังจะตามมาอีก!!.wav,46.2,47.3,none
C:\Users\muldi\Documents\Playground\University\senior-project-1\dataset\internet\clear\ใต้น้ำยังจะตามมาอีก!!.wav,47.3,48.4,none
C:\Users\muldi\Documents\Playground\University\senior-project-1\dataset\internet\clear\ใต้น้ำยังจะตามมาอีก!!.wav,48.4,49.5,เหี้ย
C:\Users\muldi\Documents\Playground\University\senior-project-1\dataset\internet\effect\เมื่อไตระบายความในใจ.wav,0.0,1.1,none
C:\Users\muldi\Documents\Playground\University\senior-project-1\dataset\internet\effect\เมื่อไตระบายความในใจ.wav,1.1,2.2,none
C:\Users\muldi\Documents\Playground\University\senior-project-1\dataset\internet\effect\เมื่อไตระบายความในใจ.wav,2.2,3.3,none
C:\Users\muldi\Documents\Playground\University\senior-project-1\dataset\internet\effect\เมื่อไตระบายความในใจ.wav,3.3,4.4,none
C:\Users\muldi\Documents\Playground\University\senior-project-1\dataset\internet\effect\เมื่อไตระบายความในใจ.wav,4.4,5.5,none
C:\Users\muldi\Documents\Playground\University\senior-project-1\dataset\internet\effect\เมื่อไตระบายความในใจ.wav,5.5,6.6,none
C:\Users\muldi\Documents\Playground\University\senior-project-1\dataset\internet\effect\เมื่อไตระบายความในใจ.wav,6.6,7.7,none
C:\Users\muldi\Documents\Playground\University\senior-project-1\dataset\internet\effect\เมื่อไตระบายความในใจ.wav,7.7,8.8,none
C:\Users\muldi\Documents\Playground\University\senior-project-1\dataset\internet\effect\เมื่อไตระบายความในใจ.wav,8.8,9.9,none
C:\Users\muldi\Documents\Playground\University\senior-project-1\dataset\internet\effect\เมื่อไตระบายความในใจ.wav,9.9,11.0,none
C:\Users\muldi\Documents\Playground\University\senior-project-1\dataset\internet\effect\เมื่อไตระบายความในใจ.wav,11.0,12.1,none
C:\Users\muldi\Documents\Playground\University\senior-project-1\dataset\internet\effect\เมื่อไตระบายความในใจ.wav,12.1,13.2,none
C:\Users\muldi\Documents\Playground\University\senior-project-1\dataset\internet\effect\เมื่อไตระบายความในใจ.wav,13.2,14.3,none
C:\Users\muldi\Documents\Playground\University\senior-project-1\dataset\internet\effect\เมื่อไตระบายความในใจ.wav,14.3,15.4,none
C:\Users\muldi\Documents\Playground\University\senior-project-1\dataset\internet\effect\เมื่อไตระบายความในใจ.wav,15.4,16.5,none
C:\Users\muldi\Documents\Playground\University\senior-project-1\dataset\internet\effect\เมื่อไตระบายความในใจ.wav,16.5,17.6,none
C:\Users\muldi\Documents\Playground\University\senior-project-1\dataset\internet\effect\เมื่อไตระบายความในใจ.wav,17.6,18.7,none
C:\Users\muldi\Documents\Playground\University\senior-project-1\dataset\internet\effect\เมื่อไตระบายความในใจ.wav,18.7,19.8,none
C:\Users\muldi\Documents\Playground\University\senior-project-1\dataset\internet\effect\เมื่อไตระบายความในใจ.wav,19.8,20.9,none
C:\Users\muldi\Documents\Playground\University\senior-project-1\dataset\internet\effect\เมื่อไตระบายความในใจ.wav,20.9,22.0,none
C:\Users\muldi\Documents\Playground\University\senior-project-1\dataset\internet\effect\เมื่อไตระบายความในใจ.wav,22.0,23.1,none
C:\Users\muldi\Documents\Playground\University\senior-project-1\dataset\internet\effect\เมื่อไตระบายความในใจ.wav,23.1,24.2,none
C:\Users\muldi\Documents\Playground\University\senior-project-1\dataset\internet\effect\เมื่อไตระบายความในใจ.wav,24.2,25.3,none
C:\Users\muldi\Documents\Playground\University\senior-project-1\dataset\internet\effect\เมื่อไตระบายความในใจ.wav,25.3,26.4,none
C:\Users\muldi\Documents\Playground\University\senior-project-1\dataset\internet\effect\เมื่อไตระบายความในใจ.wav,26.4,27.5,none
C:\Users\muldi\Documents\Playground\University\senior-project-1\dataset\internet\effect\เมื่อไตระบายความในใจ.wav,27.5,28.6,none
C:\Users\muldi\Documents\Playground\University\senior-project-1\dataset\internet\effect\เมื่อไตระบายความในใจ.wav,28.6,29.7,none
C:\Users\muldi\Documents\Playground\University\senior-project-1\dataset\internet\effect\เมื่อไตระบายความในใจ.wav,29.7,30.8,none
C:\Users\muldi\Documents\Playground\University\senior-project-1\dataset\internet\effect\เมื่อไตระบายความในใจ.wav,30.8,31.9,none
C:\Users\muldi\Documents\Playground\University\senior-project-1\dataset\internet\effect\เมื่อไตระบายความในใจ.wav,31.9,33.0,none
C:\Users\muldi\Documents\Playground\University\senior-project-1\dataset\internet\effect\เมื่อไตระบายความในใจ.wav,33.0,34.1,none
C:\Users\muldi\Documents\Playground\University\senior-project-1\dataset\internet\effect\เมื่อไตระบายความในใจ.wav,34.1,35.2,none
C:\Users\muldi\Documents\Playground\University\senior-project-1\dataset\internet\effect\เมื่อไตระบายความในใจ.wav,35.2,36.3,none
C:\Users\muldi\Documents\Playground\University\senior-project-1\dataset\internet\effect\เมื่อไตระบายความในใจ.wav,36.3,37.4,none
C:\Users\muldi\Documents\Playground\University\senior-project-1\dataset\internet\effect\เมื่อไตระบายความในใจ.wav,37.4,38.5,none
C:\Users\muldi\Documents\Playground\University\senior-project-1\dataset\internet\effect\เมื่อไตระบายความในใจ.wav,38.5,39.6,none
C:\Users\muldi\Documents\Playground\University\senior-project-1\dataset\internet\effect\เมื่อไตระบายความในใจ.wav,39.6,40.7,none
C:\Users\muldi\Documents\Playground\University\senior-project-1\dataset\internet\effect\เมื่อไตระบายความในใจ.wav,40.7,41.8,none
C:\Users\muldi\Documents\Playground\University\senior-project-1\dataset\internet\effect\เมื่อไตระบายความในใจ.wav,41.8,42.9,none
C:\Users\muldi\Documents\Playground\University\senior-project-1\dataset\internet\effect\เมื่อไตระบายความในใจ.wav,42.9,44.0,none
C:\Users\muldi\Documents\Playground\University\senior-project-1\dataset\internet\effect\เมื่อไตระบายความในใจ.wav,44.0,45.1,none
C:\Users\muldi\Documents\Playground\University\senior-project-1\dataset\internet\effect\เมื่อไตระบายความในใจ.wav,45.1,46.2,none
C:\Users\muldi\Documents\Playground\University\senior-project-1\dataset\internet\effect\เมื่อไตระบายความในใจ.wav,46.2,47.3,none
C:\Users\muldi\Documents\Playground\University\senior-project-1\dataset\internet\effect\เมื่อไตระบายความในใจ.wav,47.3,48.4,none
C:\Users\muldi\Documents\Playground\University\senior-project-1\dataset\internet\effect\เมื่อไตระบายความในใจ.wav,48.4,49.5,none
C:\Users\muldi\Documents\Playground\University\senior-project-1\dataset\internet\effect\เมื่อไตระบายความในใจ.wav,49.5,50.6,none
C:\Users\muldi\Documents\Playground\University\senior-project-1\dataset\internet\effect\เมื่อไตระบายความในใจ.wav,50.6,51.7,none
C:\Users\muldi\Documents\Playground\University\senior-project-1\dataset\internet\effect\เมื่อไตระบายความในใจ.wav,51.7,52.8,none
C:\Users\muldi\Documents\Playground\University\senior-project-1\dataset\internet\effect\เมื่อไตระบายความในใจ.wav,52.8,53.9,none
C:\Users\muldi\Documents\Playground\University\senior-project-1\dataset\internet\effect\เมื่อไตระบายความในใจ.wav,53.9,55.0,none
C:\Users\muldi\Documents\Playground\University\senior-project-1\dataset\internet\effect\เมื่อไตระบายความในใจ.wav,55.0,56.1,none
C:\Users\muldi\Documents\Playground\University\senior-project-1\dataset\internet\effect\เมื่อไตระบายความในใจ.wav,56.1,57.2,none
C:\Users\muldi\Documents\Playground\University\senior-project-1\dataset\internet\effect\เมื่อไตระบายความในใจ.wav,57.2,58.3,none
C:\Users\muldi\Documents\Playground\University\senior-project-1\dataset\internet\effect\เมื่อไตระบายความในใจ.wav,58.3,59.4,none
C:\Users\muldi\Documents\Playground\University\senior-project-1\dataset\internet\effect\เมื่อไตระบายความในใจ.wav,59.4,60.5,none
C:\Users\muldi\Documents\Playground\University\senior-project-1\dataset\internet\effect\เมื่อไตระบายความในใจ.wav,60.5,61.6,none
C:\Users\muldi\Documents\Playground\University\senior-project-1\dataset\internet\effect\เมื่อไตระบายความในใจ.wav,61.6,62.7,none
C:\Users\muldi\Documents\Playground\University\senior-project-1\dataset\internet\effect\เมื่อไตระบายความในใจ.wav,62.7,63.8,none
C:\Users\muldi\Documents\Playground\University\senior-project-1\dataset\internet\effect\เมื่อไตระบายความในใจ.wav,63.8,64.9,none
C:\Users\muldi\Documents\Playground\University\senior-project-1\dataset\internet\effect\เมื่อไตระบายความในใจ.wav,64.9,66.0,none
C:\Users\muldi\Documents\Playground\University\senior-project-1\dataset\internet\effect\เมื่อไตระบายความในใจ.wav,66.0,67.1,none
C:\Users\muldi\Documents\Playground\University\senior-project-1\dataset\internet\effect\เมื่อไตระบายความในใจ.wav,67.1,68.2,none
C:\Users\muldi\Documents\Playground\University\senior-project-1\dataset\internet\effect\เมื่อไตระบายความในใจ.wav,68.2,69.3,none
C:\Users\muldi\Documents\Playground\University\senior-project-1\dataset\internet\effect\เมื่อไตระบายความในใจ.wav,69.3,70.4,none
C:\Users\muldi\Documents\Playground\University\senior-project-1\dataset\internet\effect\เมื่อไตระบายความในใจ.wav,70.4,71.5,none
C:\Users\muldi\Documents\Playground\University\senior-project-1\dataset\internet\effect\เมื่อไตระบายความในใจ.wav,71.5,72.6,none
C:\Users\muldi\Documents\Playground\University\senior-project-1\dataset\internet\effect\เมื่อไตระบายความในใจ.wav,72.6,73.7,none
C:\Users\muldi\Documents\Playground\University\senior-project-1\dataset\internet\effect\เมื่อไตระบายความในใจ.wav,73.7,74.8,none
C:\Users\muldi\Documents\Playground\University\senior-project-1\dataset\internet\effect\เมื่อไตระบายความในใจ.wav,74.8,75.9,none
C:\Users\muldi\Documents\Playground\University\senior-project-1\dataset\internet\effect\เมื่อไตระบายความในใจ.wav,75.9,77.0,none
C:\Users\muldi\Documents\Playground\University\senior-project-1\dataset\internet\effect\เมื่อไตระบายความในใจ.wav,77.0,78.1,none
C:\Users\muldi\Documents\Playground\University\senior-project-1\dataset\internet\effect\เมื่อไตระบายความในใจ.wav,78.1,79.2,none
C:\Users\muldi\Documents\Playground\University\senior-project-1\dataset\internet\effect\เมื่อไตระบายความในใจ.wav,79.2,80.3,none
C:\Users\muldi\Documents\Playground\University\senior-project-1\dataset\internet\effect\เมื่อไตระบายความในใจ.wav,80.3,81.4,none
C:\Users\muldi\Documents\Playground\University\senior-project-1\dataset\internet\effect\เมื่อไตระบายความในใจ.wav,81.4,82.5,none
C:\Users\muldi\Documents\Playground\University\senior-project-1\dataset\internet\effect\เมื่อไตระบายความในใจ.wav,82.5,83.6,none
C:\Users\muldi\Documents\Playground\University\senior-project-1\dataset\internet\effect\เมื่อไตระบายความในใจ.wav,83.6,84.7,none
C:\Users\muldi\Documents\Playground\University\senior-project-1\dataset\internet\effect\เมื่อไตระบายความในใจ.wav,84.7,85.8,none
C:\Users\muldi\Documents\Playground\University\senior-project-1\dataset\internet\effect\เมื่อไตระบายความในใจ.wav,85.8,86.9,none
C:\Users\muldi\Documents\Playground\University\senior-project-1\dataset\internet\effect\เมื่อไตระบายความในใจ.wav,86.9,88.0,none
C:\Users\muldi\Documents\Playground\University\senior-project-1\dataset\internet\effect\เมื่อไตระบายความในใจ.wav,88.0,89.1,none
C:\Users\muldi\Documents\Playground\University\senior-project-1\dataset\internet\effect\เมื่อไตระบายความในใจ.wav,89.1,90.2,none
C:\Users\muldi\Documents\Playground\University\senior-project-1\dataset\internet\effect\เมื่อไตระบายความในใจ.wav,90.2,91.3,none
C:\Users\muldi\Documents\Playground\University\senior-project-1\dataset\internet\effect\เมื่อไตระบายความในใจ.wav,91.3,92.4,none
C:\Users\muldi\Documents\Playground\University\senior-project-1\dataset\internet\effect\เมื่อไตระบายความในใจ.wav,92.4,93.5,มึง
C:\Users\muldi\Documents\Playground\University\senior-project-1\dataset\internet\effect\เมื่อไตระบายความในใจ.wav,93.5,94.6,none
C:\Users\muldi\Documents\Playground\University\senior-project-1\dataset\internet\effect\เมื่อไตระบายความในใจ.wav,94.6,95.7,none
C:\Users\muldi\Documents\Playground\University\senior-project-1\dataset\internet\effect\เมื่อไตระบายความในใจ.wav,95.7,96.8,none
C:\Users\muldi\Documents\Playground\University\senior-project-1\dataset\internet\effect\เมื่อไตระบายความในใจ.wav,96.8,97.9,none
C:\Users\muldi\Documents\Playground\University\senior-project-1\dataset\internet\effect\เมื่อไตระบายความในใจ.wav,97.9,99.0,none
C:\Users\muldi\Documents\Playground\University\senior-project-1\dataset\internet\effect\เมื่อไตระบายความในใจ.wav,99.0,100.1,none
C:\Users\muldi\Documents\Playground\University\senior-project-1\dataset\internet\effect\เมื่อไตระบายความในใจ.wav,100.1,101.2,none
C:\Users\muldi\Documents\Playground\University\senior-project-1\dataset\internet\effect\เมื่อไตระบายความในใจ.wav,101.2,102.3,none
C:\Users\muldi\Documents\Playground\University\senior-project-1\dataset\internet\effect\เมื่อไตระบายความในใจ.wav,102.3,103.4,none
C:\Users\muldi\Documents\Playground\University\senior-project-1\dataset\internet\effect\เมื่อไตระบายความในใจ.wav,103.4,104.5,none
C:\Users\muldi\Documents\Playground\University\senior-project-1\dataset\internet\effect\เมื่อไตระบายความในใจ.wav,104.5,105.6,none
C:\Users\muldi\Documents\Playground\University\senior-project-1\dataset\internet\effect\เมื่อไตระบายความในใจ.wav,105.6,106.7,none
C:\Users\muldi\Documents\Playground\University\senior-project-1\dataset\internet\effect\เมื่อไตระบายความในใจ.wav,106.7,107.8,none
C:\Users\muldi\Documents\Playground\University\senior-project-1\dataset\internet\effect\เมื่อไตระบายความในใจ.wav,107.8,108.9,none
C:\Users\muldi\Documents\Playground\University\senior-project-1\dataset\internet\effect\เมื่อไตระบายความในใจ.wav,108.9,110.0,none
C:\Users\muldi\Documents\Playground\University\senior-project-1\dataset\internet\effect\เมื่อไตระบายความในใจ.wav,110.0,111.1,none
C:\Users\muldi\Documents\Playground\University\senior-project-1\dataset\internet\effect\เมื่อไตระบายความในใจ.wav,111.1,112.2,none
C:\Users\muldi\Documents\Playground\University\senior-project-1\dataset\internet\effect\เมื่อไตระบายความในใจ.wav,112.2,113.3,none
C:\Users\muldi\Documents\Playground\University\senior-project-1\dataset\internet\effect\เมื่อไตระบายความในใจ.wav,113.3,114.4,none
C:\Users\muldi\Documents\Playground\University\senior-project-1\dataset\internet\music\คนหายไปไหนหมดเนี่ยช่วงนี้.wav,0.0,1.1,none
C:\Users\muldi\Documents\Playground\University\senior-project-1\dataset\internet\music\คนหายไปไหนหมดเนี่ยช่วงนี้.wav,1.1,2.2,none
C:\Users\muldi\Documents\Playground\University\senior-project-1\dataset\internet\music\คนหายไปไหนหมดเนี่ยช่วงนี้.wav,2.2,3.3,none
C:\Users\muldi\Documents\Playground\University\senior-project-1\dataset\internet\music\คนหายไปไหนหมดเนี่ยช่วงนี้.wav,3.3,4.4,none
C:\Users\muldi\Documents\Playground\University\senior-project-1\dataset\internet\music\คนหายไปไหนหมดเนี่ยช่วงนี้.wav,4.4,5.5,none
C:\Users\muldi\Documents\Playground\University\senior-project-1\dataset\internet\music\คนหายไปไหนหมดเนี่ยช่วงนี้.wav,5.5,6.6,none
C:\Users\muldi\Documents\Playground\University\senior-project-1\dataset\internet\music\คนหายไปไหนหมดเนี่ยช่วงนี้.wav,6.6,7.7,none
C:\Users\muldi\Documents\Playground\University\senior-project-1\dataset\internet\music\คนหายไปไหนหมดเนี่ยช่วงนี้.wav,7.7,8.8,none
C:\Users\muldi\Documents\Playground\University\senior-project-1\dataset\internet\music\คนหายไปไหนหมดเนี่ยช่วงนี้.wav,8.8,9.9,none
C:\Users\muldi\Documents\Playground\University\senior-project-1\dataset\internet\music\คนหายไปไหนหมดเนี่ยช่วงนี้.wav,9.9,11.0,none
C:\Users\muldi\Documents\Playground\University\senior-project-1\dataset\internet\music\คนหายไปไหนหมดเนี่ยช่วงนี้.wav,11.0,12.1,none
C:\Users\muldi\Documents\Playground\University\senior-project-1\dataset\internet\music\คนหายไปไหนหมดเนี่ยช่วงนี้.wav,12.1,13.2,none
C:\Users\muldi\Documents\Playground\University\senior-project-1\dataset\internet\music\คนหายไปไหนหมดเนี่ยช่วงนี้.wav,13.2,14.3,none
C:\Users\muldi\Documents\Playground\University\senior-project-1\dataset\internet\music\คนหายไปไหนหมดเนี่ยช่วงนี้.wav,14.3,15.4,none
C:\Users\muldi\Documents\Playground\University\senior-project-1\dataset\internet\music\คนหายไปไหนหมดเนี่ยช่วงนี้.wav,15.4,16.5,none
C:\Users\muldi\Documents\Playground\University\senior-project-1\dataset\internet\music\คนหายไปไหนหมดเนี่ยช่วงนี้.wav,16.5,17.6,none
C:\Users\muldi\Documents\Playground\University\senior-project-1\dataset\internet\music\คนหายไปไหนหมดเนี่ยช่วงนี้.wav,17.6,18.7,none
C:\Users\muldi\Documents\Playground\University\senior-project-1\dataset\internet\music\คนหายไปไหนหมดเนี่ยช่วงนี้.wav,18.7,19.8,none
C:\Users\muldi\Documents\Playground\University\senior-project-1\dataset\internet\music\คนหายไปไหนหมดเนี่ยช่วงนี้.wav,19.8,20.9,none
C:\Users\muldi\Documents\Playground\University\senior-project-1\dataset\internet\music\คนหายไปไหนหมดเนี่ยช่วงนี้.wav,20.9,22.0,none
C:\Users\muldi\Documents\Playground\University\senior-project-1\dataset\internet\music\คนหายไปไหนหมดเนี่ยช่วงนี้.wav,22.0,23.1,none
C:\Users\muldi\Documents\Playground\University\senior-project-1\dataset\internet\music\คนหายไปไหนหมดเนี่ยช่วงนี้.wav,23.1,24.2,none
C:\Users\muldi\Documents\Playground\University\senior-project-1\dataset\internet\music\คนหายไปไหนหมดเนี่ยช่วงนี้.wav,24.2,25.3,none
C:\Users\muldi\Documents\Playground\University\senior-project-1\dataset\internet\music\คนหายไปไหนหมดเนี่ยช่วงนี้.wav,25.3,26.4,none
C:\Users\muldi\Documents\Playground\University\senior-project-1\dataset\internet\music\คนหายไปไหนหมดเนี่ยช่วงนี้.wav,26.4,27.5,none
C:\Users\muldi\Documents\Playground\University\senior-project-1\dataset\internet\music\คนหายไปไหนหมดเนี่ยช่วงนี้.wav,27.5,28.6,none
C:\Users\muldi\Documents\Playground\University\senior-project-1\dataset\internet\music\คนหายไปไหนหมดเนี่ยช่วงนี้.wav,28.6,29.7,none
C:\Users\muldi\Documents\Playground\University\senior-project-1\dataset\internet\music\คนหายไปไหนหมดเนี่ยช่วงนี้.wav,29.7,30.8,none
C:\Users\muldi\Documents\Playground\University\senior-project-1\dataset\internet\music\คนหายไปไหนหมดเนี่ยช่วงนี้.wav,30.8,31.9,none
C:\Users\muldi\Documents\Playground\University\senior-project-1\dataset\internet\music\คนหายไปไหนหมดเนี่ยช่วงนี้.wav,31.9,33.0,none
C:\Users\muldi\Documents\Playground\University\senior-project-1\dataset\internet\music\คนหายไปไหนหมดเนี่ยช่วงนี้.wav,33.0,34.1,none
C:\Users\muldi\Documents\Playground\University\senior-project-1\dataset\internet\music\คนหายไปไหนหมดเนี่ยช่วงนี้.wav,34.1,35.2,none
C:\Users\muldi\Documents\Playground\University\senior-project-1\dataset\internet\music\คนหายไปไหนหมดเนี่ยช่วงนี้.wav,35.2,36.3,none
C:\Users\muldi\Documents\Playground\University\senior-project-1\dataset\internet\music\คนหายไปไหนหมดเนี่ยช่วงนี้.wav,36.3,37.4,none
C:\Users\muldi\Documents\Playground\University\senior-project-1\dataset\internet\music\คนหายไปไหนหมดเนี่ยช่วงนี้.wav,37.4,38.5,none
C:\Users\muldi\Documents\Playground\University\senior-project-1\dataset\internet\music\คนหายไปไหนหมดเนี่ยช่วงนี้.wav,38.5,39.6,none
C:\Users\muldi\Documents\Playground\University\senior-project-1\dataset\internet\music\คนหายไปไหนหมดเนี่ยช่วงนี้.wav,39.6,40.7,none
C:\Users\muldi\Documents\Playground\University\senior-project-1\dataset\internet\music\คนหายไปไหนหมดเนี่ยช่วงนี้.wav,40.7,41.8,none
C:\Users\muldi\Documents\Playground\University\senior-project-1\dataset\internet\music\คนหายไปไหนหมดเนี่ยช่วงนี้.wav,41.8,42.9,none
C:\Users\muldi\Documents\Playground\University\senior-project-1\dataset\internet\music\คนหายไปไหนหมดเนี่ยช่วงนี้.wav,42.9,44.0,none
C:\Users\muldi\Documents\Playground\University\senior-project-1\dataset\internet\music\คนหายไปไหนหมดเนี่ยช่วงนี้.wav,44.0,45.1,none
C:\Users\muldi\Documents\Playground\University\senior-project-1\dataset\internet\music\คนหายไปไหนหมดเนี่ยช่วงนี้.wav,45.1,46.2,none
C:\Users\muldi\Documents\Playground\University\senior-project-1\dataset\internet\music\คนหายไปไหนหมดเนี่ยช่วงนี้.wav,46.2,47.3,none
C:\Users\muldi\Documents\Playground\University\senior-project-1\dataset\internet\music\คนหายไปไหนหมดเนี่ยช่วงนี้.wav,47.3,48.4,none
C:\Users\muldi\Documents\Playground\University\senior-project-1\dataset\internet\music\คนหายไปไหนหมดเนี่ยช่วงนี้.wav,48.4,49.5,none
C:\Users\muldi\Documents\Playground\University\senior-project-1\dataset\internet\music\คนหายไปไหนหมดเนี่ยช่วงนี้.wav,49.5,50.6,none
C:\Users\muldi\Documents\Playground\University\senior-project-1\dataset\internet\music\คนหายไปไหนหมดเนี่ยช่วงนี้.wav,50.6,51.7,none
C:\Users\muldi\Documents\Playground\University\senior-project-1\dataset\internet\music\คนหายไปไหนหมดเนี่ยช่วงนี้.wav,51.7,52.8,none
C:\Users\muldi\Documents\Playground\University\senior-project-1\dataset\internet\music\คนหายไปไหนหมดเนี่ยช่วงนี้.wav,52.8,53.9,none
C:\Users\muldi\Documents\Playground\University\senior-project-1\dataset\internet\music\คนหายไปไหนหมดเนี่ยช่วงนี้.wav,53.9,55.0,none
C:\Users\muldi\Documents\Playground\University\senior-project-1\dataset\internet\music\คนหายไปไหนหมดเนี่ยช่วงนี้.wav,55.0,56.1,none
C:\Users\muldi\Documents\Playground\University\senior-project-1\dataset\internet\music\คนหายไปไหนหมดเนี่ยช่วงนี้.wav,56.1,57.2,none
C:\Users\muldi\Documents\Playground\University\senior-project-1\dataset\internet\music\คนหายไปไหนหมดเนี่ยช่วงนี้.wav,57.2,58.3,none
C:\Users\muldi\Documents\Playground\University\senior-project-1\dataset\internet\music\คนหายไปไหนหมดเนี่ยช่วงนี้.wav,58.3,59.4,none
C:\Users\muldi\Documents\Playground\University\senior-project-1\dataset\internet\music\คนหายไปไหนหมดเนี่ยช่วงนี้.wav,59.4,60.5,none
C:\Users\muldi\Documents\Playground\University\senior-project-1\dataset\internet\music\คนหายไปไหนหมดเนี่ยช่วงนี้.wav,60.5,61.6,none
C:\Users\muldi\Documents\Playground\University\senior-project-1\dataset\internet\music\คนหายไปไหนหมดเนี่ยช่วงนี้.wav,61.6,62.7,none
C:\Users\muldi\Documents\Playground\University\senior-project-1\dataset\internet\music\คนหายไปไหนหมดเนี่ยช่วงนี้.wav,62.7,63.8,none
C:\Users\muldi\Documents\Playground\University\senior-project-1\dataset\internet\music\คนหายไปไหนหมดเนี่ยช่วงนี้.wav,63.8,64.9,none
C:\Users\muldi\Documents\Playground\University\senior-project-1\dataset\internet\music\คนหายไปไหนหมดเนี่ยช่วงนี้.wav,64.9,66.0,none
C:\Users\muldi\Documents\Playground\University\senior-project-1\dataset\internet\music\คนหายไปไหนหมดเนี่ยช่วงนี้.wav,66.0,67.1,none
C:\Users\muldi\Documents\Playground\University\senior-project-1\dataset\internet\music\คนหายไปไหนหมดเนี่ยช่วงนี้.wav,67.1,68.2,none
C:\Users\muldi\Documents\Playground\University\senior-project-1\dataset\internet\music\คนหายไปไหนหมดเนี่ยช่วงนี้.wav,68.2,69.3,none
C:\Users\muldi\Documents\Playground\University\senior-project-1\dataset\internet\music\คนหายไปไหนหมดเนี่ยช่วงนี้.wav,69.3,70.4,none
C:\Users\muldi\Documents\Playground\University\senior-project-1\dataset\internet\music\คนหายไปไหนหมดเนี่ยช่วงนี้.wav,70.4,71.5,กู
C:\Users\muldi\Documents\Playground\University\senior-project-1\dataset\internet\music\คนหายไปไหนหมดเนี่ยช่วงนี้.wav,71.5,72.6,none
C:\Users\muldi\Documents\Playground\University\senior-project-1\dataset\internet\music\คนหายไปไหนหมดเนี่ยช่วงนี้.wav,72.6,73.7,none
C:\Users\muldi\Documents\Playground\University\senior-project-1\dataset\internet\music\คนหายไปไหนหมดเนี่ยช่วงนี้.wav,73.7,74.8,none
C:\Users\muldi\Documents\Playground\University\senior-project-1\dataset\internet\music\จารย์แดง2.wav,0.0,1.1,none
C:\Users\muldi\Documents\Playground\University\senior-project-1\dataset\internet\music\จารย์แดง2.wav,1.1,2.2,none
C:\Users\muldi\Documents\Playground\University\senior-project-1\dataset\internet\music\จารย์แดง2.wav,2.2,3.3,none
C:\Users\muldi\Documents\Playground\University\senior-project-1\dataset\internet\music\จารย์แดง2.wav,3.3,4.4,none
C:\Users\muldi\Documents\Playground\University\senior-project-1\dataset\internet\music\จารย์แดง2.wav,4.4,5.5,none
C:\Users\muldi\Documents\Playground\University\senior-project-1\dataset\internet\music\จารย์แดง2.wav,5.5,6.6,none
C:\Users\muldi\Documents\Playground\University\senior-project-1\dataset\internet\music\จารย์แดง2.wav,6.6,7.7,none
C:\Users\muldi\Documents\Playground\University\senior-project-1\dataset\internet\music\จารย์แดง2.wav,7.7,8.8,none
C:\Users\muldi\Documents\Playground\University\senior-project-1\dataset\internet\music\จารย์แดง2.wav,8.8,9.9,none
C:\Users\muldi\Documents\Playground\University\senior-project-1\dataset\internet\music\แคทเธอร์รีนยิงมันสิ!.wav,0.0,1.1,none
C:\Users\muldi\Documents\Playground\University\senior-project-1\dataset\internet\music\แคทเธอร์รีนยิงมันสิ!.wav,1.1,2.2,none
C:\Users\muldi\Documents\Playground\University\senior-project-1\dataset\internet\music\แคทเธอร์รีนยิงมันสิ!.wav,2.2,3.3,none
C:\Users\muldi\Documents\Playground\University\senior-project-1\dataset\internet\music\แคทเธอร์รีนยิงมันสิ!.wav,3.3,4.4,none
C:\Users\muldi\Documents\Playground\University\senior-project-1\dataset\internet\music\แคทเธอร์รีนยิงมันสิ!.wav,4.4,5.5,none
C:\Users\muldi\Documents\Playground\University\senior-project-1\dataset\internet\music\แคทเธอร์รีนยิงมันสิ!.wav,5.5,6.6,none
C:\Users\muldi\Documents\Playground\University\senior-project-1\dataset\internet\music\แคทเธอร์รีนยิงมันสิ!.wav,6.6,7.7,none
C:\Users\muldi\Documents\Playground\University\senior-project-1\dataset\internet\music\แคทเธอร์รีนยิงมันสิ!.wav,7.7,8.8,none
C:\Users\muldi\Documents\Playground\University\senior-project-1\dataset\internet\music\แคทเธอร์รีนยิงมันสิ!.wav,8.8,9.9,none
C:\Users\muldi\Documents\Playground\University\senior-project-1\dataset\internet\music\แคทเธอร์รีนยิงมันสิ!.wav,9.9,11.0,none
C:\Users\muldi\Documents\Playground\University\senior-project-1\dataset\internet\music\แคทเธอร์รีนยิงมันสิ!.wav,11.0,12.1,none
C:\Users\muldi\Documents\Playground\University\senior-project-1\dataset\internet\music\แคทเธอร์รีนยิงมันสิ!.wav,12.1,13.2,กู
C:\Users\muldi\Documents\Playground\University\senior-project-1\dataset\internet\music\แคทเธอร์รีนยิงมันสิ!.wav,13.2,14.3,none
C:\Users\muldi\Documents\Playground\University\senior-project-1\dataset\internet\music\แคทเธอร์รีนยิงมันสิ!.wav,14.3,15.4,none
C:\Users\muldi\Documents\Playground\University\senior-project-1\dataset\internet\music\แคทเธอร์รีนยิงมันสิ!.wav,15.4,16.5,none
C:\Users\muldi\Documents\Playground\University\senior-project-1\dataset\internet\music\แคทเธอร์รีนยิงมันสิ!.wav,16.5,17.6,none
C:\Users\muldi\Documents\Playground\University\senior-project-1\dataset\internet\music\แคทเธอร์รีนยิงมันสิ!.wav,17.6,18.7,none
C:\Users\muldi\Documents\Playground\University\senior-project-1\dataset\internet\music\แคทเธอร์รีนยิงมันสิ!.wav,18.7,19.8,none
C:\Users\muldi\Documents\Playground\University\senior-project-1\dataset\internet\music\แคทเธอร์รีนยิงมันสิ!.wav,19.8,20.9,none
C:\Users\muldi\Documents\Playground\University\senior-project-1\dataset\internet\music\แคทเธอร์รีนยิงมันสิ!.wav,20.9,22.0,none
C:\Users\muldi\Documents\Playground\University\senior-project-1\dataset\internet\music\แคทเธอร์รีนยิงมันสิ!.wav,22.0,23.1,กู
C:\Users\muldi\Documents\Playground\University\senior-project-1\dataset\internet\noise\จัดอันดับ ทหารสุดฮา.wav,0.0,1.1,none
C:\Users\muldi\Documents\Playground\University\senior-project-1\dataset\internet\noise\จัดอันดับ ทหารสุดฮา.wav,1.1,2.2,none
C:\Users\muldi\Documents\Playground\University\senior-project-1\dataset\internet\noise\จัดอันดับ ทหารสุดฮา.wav,2.2,3.3,none
C:\Users\muldi\Documents\Playground\University\senior-project-1\dataset\internet\noise\จัดอันดับ ทหารสุดฮา.wav,3.3,4.4,none
C:\Users\muldi\Documents\Playground\University\senior-project-1\dataset\internet\noise\จัดอันดับ ทหารสุดฮา.wav,4.4,5.5,none
C:\Users\muldi\Documents\Playground\University\senior-project-1\dataset\internet\noise\จัดอันดับ ทหารสุดฮา.wav,5.5,6.6,เย็ด
C:\Users\muldi\Documents\Playground\University\senior-project-1\dataset\internet\noise\จัดอันดับ ทหารสุดฮา.wav,6.6,7.7,none
C:\Users\muldi\Documents\Playground\University\senior-project-1\dataset\internet\noise\จัดอันดับ ทหารสุดฮา.wav,7.7,8.8,none
C:\Users\muldi\Documents\Playground\University\senior-project-1\dataset\internet\noise\จัดอันดับ ทหารสุดฮา.wav,8.8,9.9,none
C:\Users\muldi\Documents\Playground\University\senior-project-1\dataset\internet\noise\จัดอันดับ ทหารสุดฮา.wav,9.9,11.0,none
C:\Users\muldi\Documents\Playground\University\senior-project-1\dataset\internet\noise\จัดอันดับ ทหารสุดฮา.wav,11.0,12.1,none
C:\Users\muldi\Documents\Playground\University\senior-project-1\dataset\internet\noise\จัดอันดับ ทหารสุดฮา.wav,12.1,13.2,none
C:\Users\muldi\Documents\Playground\University\senior-project-1\dataset\internet\noise\จัดอันดับ ทหารสุดฮา.wav,13.2,14.3,none
C:\Users\muldi\Documents\Playground\University\senior-project-1\dataset\internet\noise\จัดอันดับ ทหารสุดฮา.wav,14.3,15.4,none
C:\Users\muldi\Documents\Playground\University\senior-project-1\dataset\internet\noise\จัดอันดับ ทหารสุดฮา.wav,15.4,16.5,none
C:\Users\muldi\Documents\Playground\University\senior-project-1\dataset\internet\noise\จัดอันดับ ทหารสุดฮา.wav,16.5,17.6,none
C:\Users\muldi\Documents\Playground\University\senior-project-1\dataset\internet\noise\จัดอันดับ ทหารสุดฮา.wav,17.6,18.7,none
C:\Users\muldi\Documents\Playground\University\senior-project-1\dataset\internet\noise\จัดอันดับ ทหารสุดฮา.wav,18.7,19.8,none
C:\Users\muldi\Documents\Playground\University\senior-project-1\dataset\internet\noise\จัดอันดับ ทหารสุดฮา.wav,19.8,20.9,none
C:\Users\muldi\Documents\Playground\University\senior-project-1\dataset\internet\noise\จัดอันดับ ทหารสุดฮา.wav,20.9,22.0,none
C:\Users\muldi\Documents\Playground\University\senior-project-1\dataset\internet\noise\จัดอันดับ ทหารสุดฮา.wav,22.0,23.1,none
C:\Users\muldi\Documents\Playground\University\senior-project-1\dataset\internet\noise\จัดอันดับ ทหารสุดฮา.wav,23.1,24.2,none
C:\Users\muldi\Documents\Playground\University\senior-project-1\dataset\internet\noise\จัดอันดับ ทหารสุดฮา.wav,24.2,25.3,none
C:\Users\muldi\Documents\Playground\University\senior-project-1\dataset\internet\noise\จัดอันดับ ทหารสุดฮา.wav,25.3,26.4,none
C:\Users\muldi\Documents\Playground\University\senior-project-1\dataset\internet\noise\จัดอันดับ ทหารสุดฮา.wav,26.4,27.5,none
C:\Users\muldi\Documents\Playground\University\senior-project-1\dataset\internet\noise\จัดอันดับ ทหารสุดฮา.wav,27.5,28.6,none
C:\Users\muldi\Documents\Playground\University\senior-project-1\dataset\internet\noise\จัดอันดับ ทหารสุดฮา.wav,28.6,29.7,none
C:\Users\muldi\Documents\Playground\University\senior-project-1\dataset\internet\noise\จัดอันดับ ทหารสุดฮา.wav,29.7,30.8,none
C:\Users\muldi\Documents\Playground\University\senior-project-1\dataset\internet\noise\จัดอันดับ ทหารสุดฮา.wav,30.8,31.9,none
C:\Users\muldi\Documents\Playground\University\senior-project-1\dataset\internet\noise\จัดอันดับ ทหารสุดฮา.wav,31.9,33.0,none
C:\Users\muldi\Documents\Playground\University\senior-project-1\dataset\internet\noise\จัดอันดับ ทหารสุดฮา.wav,33.0,34.1,none
C:\Users\muldi\Documents\Playground\University\senior-project-1\dataset\internet\noise\จัดอันดับ ทหารสุดฮา.wav,34.1,35.2,none
C:\Users\muldi\Documents\Playground\University\senior-project-1\dataset\internet\noise\จัดอันดับ ทหารสุดฮา.wav,35.2,36.3,none
C:\Users\muldi\Documents\Playground\University\senior-project-1\dataset\internet\noise\จัดอันดับ ทหารสุดฮา.wav,36.3,37.4,none
C:\Users\muldi\Documents\Playground\University\senior-project-1\dataset\internet\noise\จัดอันดับ ทหารสุดฮา.wav,37.4,38.5,none
C:\Users\muldi\Documents\Playground\University\senior-project-1\dataset\internet\noise\จัดอันดับ ทหารสุดฮา.wav,38.5,39.6,none
C:\Users\muldi\Documents\Playground\University\senior-project-1\dataset\internet\noise\หาสัญลักษณ์ตามฉบับ New World Order ในเพลง จี่หอย.wav,0.0,1.1,none
C:\Users\muldi\Documents\Playground\University\senior-project-1\dataset\internet\noise\หาสัญลักษณ์ตามฉบับ New World Order ในเพลง จี่หอย.wav,1.1,2.2,none
C:\Users\muldi\Documents\Playground\University\senior-project-1\dataset\internet\noise\หาสัญลักษณ์ตามฉบับ New World Order ในเพลง จี่หอย.wav,2.2,3.3,none
C:\Users\muldi\Documents\Playground\University\senior-project-1\dataset\internet\noise\หาสัญลักษณ์ตามฉบับ New World Order ในเพลง จี่หอย.wav,3.3,4.4,none
C:\Users\muldi\Documents\Playground\University\senior-project-1\dataset\internet\noise\หาสัญลักษณ์ตามฉบับ New World Order ในเพลง จี่หอย.wav,4.4,5.5,none
C:\Users\muldi\Documents\Playground\University\senior-project-1\dataset\internet\noise\หาสัญลักษณ์ตามฉบับ New World Order ในเพลง จี่หอย.wav,5.5,6.6,none
C:\Users\muldi\Documents\Playground\University\senior-project-1\dataset\internet\noise\หาสัญลักษณ์ตามฉบับ New World Order ในเพลง จี่หอย.wav,6.6,7.7,none
C:\Users\muldi\Documents\Playground\University\senior-project-1\dataset\internet\noise\หาสัญลักษณ์ตามฉบับ New World Order ในเพลง จี่หอย.wav,7.7,8.8,none
C:\Users\muldi\Documents\Playground\University\senior-project-1\dataset\internet\noise\หาสัญลักษณ์ตามฉบับ New World Order ในเพลง จี่หอย.wav,8.8,9.9,none
C:\Users\muldi\Documents\Playground\University\senior-project-1\dataset\internet\noise\หาสัญลักษณ์ตามฉบับ New World Order ในเพลง จี่หอย.wav,9.9,11.0,none
C:\Users\muldi\Documents\Playground\University\senior-project-1\dataset\internet\noise\หาสัญลักษณ์ตามฉบับ New World Order ในเพลง จี่หอย.wav,11.0,12.1,none
C:\Users\muldi\Documents\Playground\University\senior-project-1\dataset\internet\noise\หาสัญลักษณ์ตามฉบับ New World Order ในเพลง จี่หอย.wav,12.1,13.2,none
C:\Users\muldi\Documents\Playground\University\senior-project-1\dataset\internet\noise\หาสัญลักษณ์ตามฉบับ New World Order ในเพลง จี่หอย.wav,13.2,14.3,none
C:\Users\muldi\Documents\Playground\University\senior-project-1\dataset\internet\noise\หาสัญลักษณ์ตามฉบับ New World Order ในเพลง จี่หอย.wav,14.3,15.4,none
C:\Users\muldi\Documents\Playground\University\senior-project-1\dataset\internet\noise\หาสัญลักษณ์ตามฉบับ New World Order ในเพลง จี่หอย.wav,15.4,16.5,none
C:\Users\muldi\Documents\Playground\University\senior-project-1\dataset\internet\noise\หาสัญลักษณ์ตามฉบับ New World Order ในเพลง จี่หอย.wav,16.5,17.6,none
C:\Users\muldi\Documents\Playground\University\senior-project-1\dataset\internet\noise\หาสัญลักษณ์ตามฉบับ New World Order ในเพลง จี่หอย.wav,17.6,18.7,none
C:\Users\muldi\Documents\Playground\University\senior-project-1\dataset\internet\noise\หาสัญลักษณ์ตามฉบับ New World Order ในเพลง จี่หอย.wav,18.7,19.8,none
C:\Users\muldi\Documents\Playground\University\senior-project-1\dataset\internet\noise\หาสัญลักษณ์ตามฉบับ New World Order ในเพลง จี่หอย.wav,19.8,20.9,none
C:\Users\muldi\Documents\Playground\University\senior-project-1\dataset\internet\noise\หาสัญลักษณ์ตามฉบับ New World Order ในเพลง จี่หอย.wav,20.9,22.0,none
C:\Users\muldi\Documents\Playground\University\senior-project-1\dataset\internet\noise\หาสัญลักษณ์ตามฉบับ New World Order ในเพลง จี่หอย.wav,22.0,23.1,none
C:\Users\muldi\Documents\Playground\University\senior-project-1\dataset\internet\noise\หาสัญลักษณ์ตามฉบับ New World Order ในเพลง จี่หอย.wav,23.1,24.2,none
C:\Users\muldi\Documents\Playground\University\senior-project-1\dataset\internet\noise\หาสัญลักษณ์ตามฉบับ New World Order ในเพลง จี่หอย.wav,24.2,25.3,none
C:\Users\muldi\Documents\Playground\University\senior-project-1\dataset\internet\noise\หาสัญลักษณ์ตามฉบับ New World Order ในเพลง จี่หอย.wav,25.3,26.4,none
C:\Users\muldi\Documents\Playground\University\senior-project-1\dataset\internet\noise\หาสัญลักษณ์ตามฉบับ New World Order ในเพลง จี่หอย.wav,26.4,27.5,none
C:\Users\muldi\Documents\Playground\University\senior-project-1\dataset\internet\noise\หาสัญลักษณ์ตามฉบับ New World Order ในเพลง จี่หอย.wav,27.5,28.6,none
C:\Users\muldi\Documents\Playground\University\senior-project-1\dataset\internet\noise\หาสัญลักษณ์ตามฉบับ New World Order ในเพลง จี่หอย.wav,28.6,29.7,none
C:\Users\muldi\Documents\Playground\University\senior-project-1\dataset\internet\noise\หาสัญลักษณ์ตามฉบับ New World Order ในเพลง จี่หอย.wav,29.7,30.8,none
C:\Users\muldi\Documents\Playground\University\senior-project-1\dataset\internet\noise\หาสัญลักษณ์ตามฉบับ New World Order ในเพลง จี่หอย.wav,30.8,31.9,none
C:\Users\muldi\Documents\Playground\University\senior-project-1\dataset\internet\noise\หาสัญลักษณ์ตามฉบับ New World Order ในเพลง จี่หอย.wav,31.9,33.0,none
C:\Users\muldi\Documents\Playground\University\senior-project-1\dataset\internet\noise\หาสัญลักษณ์ตามฉบับ New World Order ในเพลง จี่หอย.wav,33.0,34.1,none
C:\Users\muldi\Documents\Playground\University\senior-project-1\dataset\internet\noise\หาสัญลักษณ์ตามฉบับ New World Order ในเพลง จี่หอย.wav,34.1,35.2,none
C:\Users\muldi\Documents\Playground\University\senior-project-1\dataset\internet\noise\หาสัญลักษณ์ตามฉบับ New World Order ในเพลง จี่หอย.wav,35.2,36.3,none
C:\Users\muldi\Documents\Playground\University\senior-project-1\dataset\internet\noise\หาสัญลักษณ์ตามฉบับ New World Order ในเพลง จี่หอย.wav,36.3,37.4,none
C:\Users\muldi\Documents\Playground\University\senior-project-1\dataset\internet\noise\หาสัญลักษณ์ตามฉบับ New World Order ในเพลง จี่หอย.wav,37.4,38.5,none
C:\Users\muldi\Documents\Playground\University\senior-project-1\dataset\internet\noise\หาสัญลักษณ์ตามฉบับ New World Order ในเพลง จี่หอย.wav,38.5,39.6,none
C:\Users\muldi\Documents\Playground\University\senior-project-1\dataset\internet\noise\หาสัญลักษณ์ตามฉบับ New World Order ในเพลง จี่หอย.wav,39.6,40.7,none
C:\Users\muldi\Documents\Playground\University\senior-project-1\dataset\internet\noise\หาสัญลักษณ์ตามฉบับ New World Order ในเพลง จี่หอย.wav,40.7,41.8,none
C:\Users\muldi\Documents\Playground\University\senior-project-1\dataset\internet\noise\หาสัญลักษณ์ตามฉบับ New World Order ในเพลง จี่หอย.wav,41.8,42.9,none
C:\Users\muldi\Documents\Playground\University\senior-project-1\dataset\internet\noise\หาสัญลักษณ์ตามฉบับ New World Order ในเพลง จี่หอย.wav,42.9,44.0,none
C:\Users\muldi\Documents\Playground\University\senior-project-1\dataset\internet\noise\หาสัญลักษณ์ตามฉบับ New World Order ในเพลง จี่หอย.wav,44.0,45.1,none
C:\Users\muldi\Documents\Playground\University\senior-project-1\dataset\internet\noise\หาสัญลักษณ์ตามฉบับ New World Order ในเพลง จี่หอย.wav,45.1,46.2,none
C:\Users\muldi\Documents\Playground\University\senior-project-1\dataset\internet\noise\หาสัญลักษณ์ตามฉบับ New World Order ในเพลง จี่หอย.wav,46.2,47.3,none
C:\Users\muldi\Documents\Playground\University\senior-project-1\dataset\internet\noise\หาสัญลักษณ์ตามฉบับ New World Order ในเพลง จี่หอย.wav,47.3,48.4,none
C:\Users\muldi\Documents\Playground\University\senior-project-1\dataset\internet\noise\หาสัญลักษณ์ตามฉบับ New World Order ในเพลง จี่หอย.wav,48.4,49.5,none
C:\Users\muldi\Documents\Playground\University\senior-project-1\dataset\internet\noise\หาสัญลักษณ์ตามฉบับ New World Order ในเพลง จี่หอย.wav,49.5,50.6,none
C:\Users\muldi\Documents\Playground\University\senior-project-1\dataset\internet\noise\หาสัญลักษณ์ตามฉบับ New World Order ในเพลง จี่หอย.wav,50.6,51.7,none
C:\Users\muldi\Documents\Playground\University\senior-project-1\dataset\internet\noise\หาสัญลักษณ์ตามฉบับ New World Order ในเพลง จี่หอย.wav,51.7,52.8,none
C:\Users\muldi\Documents\Playground\University\senior-project-1\dataset\internet\noise\หาสัญลักษณ์ตามฉบับ New World Order ในเพลง จี่หอย.wav,52.8,53.9,none
C:\Users\muldi\Documents\Playground\University\senior-project-1\dataset\internet\noise\หาสัญลักษณ์ตามฉบับ New World Order ในเพลง จี่หอย.wav,53.9,55.0,none
C:\Users\muldi\Documents\Playground\University\senior-project-1\dataset\internet\noise\หาสัญลักษณ์ตามฉบับ New World Order ในเพลง จี่หอย.wav,55.0,56.1,none
C:\Users\muldi\Documents\Playground\University\senior-project-1\dataset\internet\noise\หาสัญลักษณ์ตามฉบับ New World Order ในเพลง จี่หอย.wav,56.1,57.2,none
C:\Users\muldi\Documents\Playground\University\senior-project-1\dataset\internet\noise\หาสัญลักษณ์ตามฉบับ New World Order ในเพลง จี่หอย.wav,57.2,58.3,none
C:\Users\muldi\Documents\Playground\University\senior-project-1\dataset\internet\noise\หาสัญลักษณ์ตามฉบับ New World Order ในเพลง จี่หอย.wav,58.3,59.4,none
C:\Users\muldi\Documents\Playground\University\senior-project-1\dataset\internet\noise\หาสัญลักษณ์ตามฉบับ New World Order ในเพลง จี่หอย.wav,59.4,60.5,none
C:\Users\muldi\Documents\Playground\University\senior-project-1\dataset\internet\noise\หาสัญลักษณ์ตามฉบับ New World Order ในเพลง จี่หอย.wav,60.5,61.6,none
C:\Users\muldi\Documents\Playground\University\senior-project-1\dataset\internet\noise\หาสัญลักษณ์ตามฉบับ New World Order ในเพลง จี่หอย.wav,61.6,62.7,none
C:\Users\muldi\Documents\Playground\University\senior-project-1\dataset\internet\noise\หาสัญลักษณ์ตามฉบับ New World Order ในเพลง จี่หอย.wav,62.7,63.8,none
C:\Users\muldi\Documents\Playground\University\senior-project-1\dataset\internet\noise\หาสัญลักษณ์ตามฉบับ New World Order ในเพลง จี่หอย.wav,63.8,64.9,none
C:\Users\muldi\Documents\Playground\University\senior-project-1\dataset\internet\noise\หาสัญลักษณ์ตามฉบับ New World Order ในเพลง จี่หอย.wav,64.9,66.0,none
C:\Users\muldi\Documents\Playground\University\senior-project-1\dataset\internet\noise\หาสัญลักษณ์ตามฉบับ New World Order ในเพลง จี่หอย.wav,66.0,67.1,none
C:\Users\muldi\Documents\Playground\University\senior-project-1\dataset\internet\noise\หาสัญลักษณ์ตามฉบับ New World Order ในเพลง จี่หอย.wav,67.1,68.2,none
C:\Users\muldi\Documents\Playground\University\senior-project-1\dataset\internet\noise\หาสัญลักษณ์ตามฉบับ New World Order ในเพลง จี่หอย.wav,68.2,69.3,none
C:\Users\muldi\Documents\Playground\University\senior-project-1\dataset\internet\noise\หาสัญลักษณ์ตามฉบับ New World Order ในเพลง จี่หอย.wav,69.3,70.4,none
C:\Users\muldi\Documents\Playground\University\senior-project-1\dataset\internet\noise\หาสัญลักษณ์ตามฉบับ New World Order ในเพลง จี่หอย.wav,70.4,71.5,none
C:\Users\muldi\Documents\Playground\University\senior-project-1\dataset\internet\noise\หาสัญลักษณ์ตามฉบับ New World Order ในเพลง จี่หอย.wav,71.5,72.6,none
C:\Users\muldi\Documents\Playground\University\senior-project-1\dataset\internet\noise\หาสัญลักษณ์ตามฉบับ New World Order ในเพลง จี่หอย.wav,72.6,73.7,none
C:\Users\muldi\Documents\Playground\University\senior-project-1\dataset\internet\noise\หาสัญลักษณ์ตามฉบับ New World Order ในเพลง จี่หอย.wav,73.7,74.8,none
C:\Users\muldi\Documents\Playground\University\senior-project-1\dataset\internet\noise\หาสัญลักษณ์ตามฉบับ New World Order ในเพลง จี่หอย.wav,74.8,75.9,none
C:\Users\muldi\Documents\Playground\University\senior-project-1\dataset\internet\noise\หาสัญลักษณ์ตามฉบับ New World Order ในเพลง จี่หอย.wav,75.9,77.0,none
C:\Users\muldi\Documents\Playground\University\senior-project-1\dataset\internet\noise\หาสัญลักษณ์ตามฉบับ New World Order ในเพลง จี่หอย.wav,77.0,78.1,none
C:\Users\muldi\Documents\Playground\University\senior-project-1\dataset\internet\noise\หาสัญลักษณ์ตามฉบับ New World Order ในเพลง จี่หอย.wav,78.1,79.2,none
C:\Users\muldi\Documents\Playground\University\senior-project-1\dataset\internet\noise\หาสัญลักษณ์ตามฉบับ New World Order ในเพลง จี่หอย.wav,79.2,80.3,none
C:\Users\muldi\Documents\Playground\University\senior-project-1\dataset\internet\noise\หาสัญลักษณ์ตามฉบับ New World Order ในเพลง จี่หอย.wav,80.3,81.4,none
C:\Users\muldi\Documents\Playground\University\senior-project-1\dataset\internet\noise\หาสัญลักษณ์ตามฉบับ New World Order ในเพลง จี่หอย.wav,81.4,82.5,none
C:\Users\muldi\Documents\Playground\University\senior-project-1\dataset\internet\noise\หาสัญลักษณ์ตามฉบับ New World Order ในเพลง จี่หอย.wav,82.5,83.6,none
C:\Users\muldi\Documents\Playground\University\senior-project-1\dataset\internet\noise\หาสัญลักษณ์ตามฉบับ New World Order ในเพลง จี่หอย.wav,83.6,84.7,none
C:\Users\muldi\Documents\Playground\University\senior-project-1\dataset\internet\noise\หาสัญลักษณ์ตามฉบับ New World Order ในเพลง จี่หอย.wav,84.7,85.8,none
C:\Users\muldi\Documents\Playground\University\senior-project-1\dataset\internet\noise\หาสัญลักษณ์ตามฉบับ New World Order ในเพลง จี่หอย.wav,85.8,86.9,none
C:\Users\muldi\Documents\Playground\University\senior-project-1\dataset\internet\noise\หาสัญลักษณ์ตามฉบับ New World Order ในเพลง จี่หอย.wav,86.9,88.0,none
C:\Users\muldi\Documents\Playground\University\senior-project-1\dataset\internet\noise\หาสัญลักษณ์ตามฉบับ New World Order ในเพลง จี่หอย.wav,88.0,89.1,none
C:\Users\muldi\Documents\Playground\University\senior-project-1\dataset\internet\noise\หาสัญลักษณ์ตามฉบับ New World Order ในเพลง จี่หอย.wav,89.1,90.2,none
C:\Users\muldi\Documents\Playground\University\senior-project-1\dataset\internet\noise\หาสัญลักษณ์ตามฉบับ New World Order ในเพลง จี่หอย.wav,90.2,91.3,none
C:\Users\muldi\Documents\Playground\University\senior-project-1\dataset\internet\noise\หาสัญลักษณ์ตามฉบับ New World Order ในเพลง จี่หอย.wav,91.3,92.4,none
C:\Users\muldi\Documents\Playground\University\senior-project-1\dataset\internet\noise\หาสัญลักษณ์ตามฉบับ New World Order ในเพลง จี่หอย.wav,92.4,93.5,none
C:\Users\muldi\Documents\Playground\University\senior-project-1\dataset\internet\noise\หาสัญลักษณ์ตามฉบับ New World Order ในเพลง จี่หอย.wav,93.5,94.6,none
C:\Users\muldi\Documents\Playground\University\senior-project-1\dataset\internet\noise\หาสัญลักษณ์ตามฉบับ New World Order ในเพลง จี่หอย.wav,94.6,95.7,none
C:\Users\muldi\Documents\Playground\University\senior-project-1\dataset\internet\noise\หาสัญลักษณ์ตามฉบับ New World Order ในเพลง จี่หอย.wav,95.7,96.8,none
C:\Users\muldi\Documents\Playground\University\senior-project-1\dataset\internet\noise\หาสัญลักษณ์ตามฉบับ New World Order ในเพลง จี่หอย.wav,96.8,97.9,none
C:\Users\muldi\Documents\Playground\University\senior-project-1\dataset\internet\noise\หาสัญลักษณ์ตามฉบับ New World Order ในเพลง จี่หอย.wav,97.9,99.0,none
C:\Users\muldi\Documents\Playground\University\senior-project-1\dataset\internet\noise\หาสัญลักษณ์ตามฉบับ New World Order ในเพลง จี่หอย.wav,99.0,100.1,none
C:\Users\muldi\Documents\Playground\University\senior-project-1\dataset\internet\noise\หาสัญลักษณ์ตามฉบับ New World Order ในเพลง จี่หอย.wav,100.1,101.2,มึง
C:\Users\muldi\Documents\Playground\University\senior-project-1\dataset\internet\noise\หาสัญลักษณ์ตามฉบับ New World Order ในเพลง จี่หอย.wav,101.2,102.3,none
C:\Users\muldi\Documents\Playground\University\senior-project-1\dataset\internet\noise\หาสัญลักษณ์ตามฉบับ New World Order ในเพลง จี่หอย.wav,102.3,103.4,none
C:\Users\muldi\Documents\Playground\University\senior-project-1\dataset\internet\noise\หาสัญลักษณ์ตามฉบับ New World Order ในเพลง จี่หอย.wav,103.4,104.5,none
C:\Users\muldi\Documents\Playground\University\senior-project-1\dataset\internet\noise\หาสัญลักษณ์ตามฉบับ New World Order ในเพลง จี่หอย.wav,104.5,105.6,none
C:\Users\muldi\Documents\Playground\University\senior-project-1\dataset\internet\noise\หาสัญลักษณ์ตามฉบับ New World Order ในเพลง จี่หอย.wav,105.6,106.7,none
C:\Users\muldi\Documents\Playground\University\senior-project-1\dataset\internet\noise\อะไรคือสิ่งที่ถูก.wav,0.0,1.1,none
C:\Users\muldi\Documents\Playground\University\senior-project-1\dataset\internet\noise\อะไรคือสิ่งที่ถูก.wav,1.1,2.2,มึง
C:\Users\muldi\Documents\Playground\University\senior-project-1\dataset\internet\noise\อะไรคือสิ่งที่ถูก.wav,2.2,3.3,กู
C:\Users\muldi\Documents\Playground\University\senior-project-1\dataset\internet\noise\อะไรคือสิ่งที่ถูก.wav,3.3,4.4,none
C:\Users\muldi\Documents\Playground\University\senior-project-1\dataset\internet\noise\อะไรคือสิ่งที่ถูก.wav,4.4,5.5,none
C:\Users\muldi\Documents\Playground\University\senior-project-1\dataset\internet\noise\อะไรคือสิ่งที่ถูก.wav,5.5,6.6,none
C:\Users\muldi\Documents\Playground\University\senior-project-1\dataset\internet\noise\อะไรคือสิ่งที่ถูก.wav,6.6,7.7,none
C:\Users\muldi\Documents\Playground\University\senior-project-1\dataset\internet\noise\อะไรคือสิ่งที่ถูก.wav,7.7,8.8,none
C:\Users\muldi\Documents\Playground\University\senior-project-1\dataset\internet\noise\อะไรคือสิ่งที่ถูก.wav,8.8,9.9,กู
C:\Users\muldi\Documents\Playground\University\senior-project-1\dataset\internet\noise\อะไรคือสิ่งที่ถูก.wav,9.9,11.0,none
C:\Users\muldi\Documents\Playground\University\senior-project-1\dataset\internet\noise\อะไรคือสิ่งที่ถูก.wav,11.0,12.1,none
C:\Users\muldi\Documents\Playground\University\senior-project-1\dataset\internet\noise\อะไรคือสิ่งที่ถูก.wav,12.1,13.2,none
C:\Users\muldi\Documents\Playground\University\senior-project-1\dataset\internet\noise\อะไรคือสิ่งที่ถูก.wav,13.2,14.3,none
C:\Users\muldi\Documents\Playground\University\senior-project-1\dataset\internet\noise\อะไรคือสิ่งที่ถูก.wav,14.3,15.4,none
C:\Users\muldi\Documents\Playground\University\senior-project-1\dataset\internet\noise\อะไรคือสิ่งที่ถูก.wav,15.4,16.5,none
C:\Users\muldi\Documents\Playground\University\senior-project-1\dataset\internet\noise\อะไรคือสิ่งที่ถูก.wav,16.5,17.6,none
C:\Users\muldi\Documents\Playground\University\senior-project-1\dataset\internet\noise\อะไรคือสิ่งที่ถูก.wav,17.6,18.7,none
C:\Users\muldi\Documents\Playground\University\senior-project-1\dataset\internet\noise\อะไรคือสิ่งที่ถูก.wav,18.7,19.8,none
C:\Users\muldi\Documents\Playground\University\senior-project-1\dataset\internet\noise\อะไรคือสิ่งที่ถูก.wav,19.8,20.9,none
C:\Users\muldi\Documents\Playground\University\senior-project-1\dataset\internet\noise\อะไรคือสิ่งที่ถูก.wav,20.9,22.0,none
C:\Users\muldi\Documents\Playground\University\senior-project-1\dataset\internet\noise\อะไรคือสิ่งที่ถูก.wav,22.0,23.1,none
C:\Users\muldi\Documents\Playground\University\senior-project-1\dataset\internet\noise\อะไรคือสิ่งที่ถูก.wav,23.1,24.2,none
C:\Users\muldi\Documents\Playground\University\senior-project-1\dataset\internet\noise\อะไรคือสิ่งที่ถูก.wav,24.2,25.3,none
C:\Users\muldi\Documents\Playground\University\senior-project-1\dataset\internet\noise\อะไรคือสิ่งที่ถูก.wav,25.3,26.4,กู
C:\Users\muldi\Documents\Playground\University\senior-project-1\dataset\internet\noise\อะไรคือสิ่งที่ถูก.wav,26.4,27.5,none
C:\Users\muldi\Documents\Playground\University\senior-project-1\dataset\internet\noise\อะไรคือสิ่งที่ถูก.wav,27.5,28.6,none
C:\Users\muldi\Documents\Playground\University\senior-project-1\dataset\internet\noise\อะไรคือสิ่งที่ถูก.wav,28.6,29.7,none
C:\Users\muldi\Documents\Playground\University\senior-project-1\dataset\internet\noise\อะไรคือสิ่งที่ถูก.wav,29.7,30.8,none
C:\Users\muldi\Documents\Playground\University\senior-project-1\dataset\internet\noise\อะไรคือสิ่งที่ถูก.wav,30.8,31.9,none
C:\Users\muldi\Documents\Playground\University\senior-project-1\dataset\internet\noise\อะไรคือสิ่งที่ถูก.wav,31.9,33.0,none
C:\Users\muldi\Documents\Playground\University\senior-project-1\dataset\internet\noise\อะไรคือสิ่งที่ถูก.wav,33.0,34.1,none
C:\Users\muldi\Documents\Playground\University\senior-project-1\dataset\internet\noise\อะไรคือสิ่งที่ถูก.wav,34.1,35.2,none
C:\Users\muldi\Documents\Playground\University\senior-project-1\dataset\internet\noise\อะไรคือสิ่งที่ถูก.wav,35.2,36.3,none
C:\Users\muldi\Documents\Playground\University\senior-project-1\dataset\internet\noise\อะไรคือสิ่งที่ถูก.wav,36.3,37.4,none
C:\Users\muldi\Documents\Playground\University\senior-project-1\dataset\internet\noise\อะไรคือสิ่งที่ถูก.wav,37.4,38.5,none
C:\Users\muldi\Documents\Playground\University\senior-project-1\dataset\internet\noise\อะไรคือสิ่งที่ถูก.wav,38.5,39.6,none
C:\Users\muldi\Documents\Playground\University\senior-project-1\dataset\internet\noise\อะไรคือสิ่งที่ถูก.wav,39.6,40.7,none
C:\Users\muldi\Documents\Playground\University\senior-project-1\dataset\internet\noise\อะไรคือสิ่งที่ถูก.wav,40.7,41.8,none
C:\Users\muldi\Documents\Playground\University\senior-project-1\dataset\internet\noise\อะไรคือสิ่งที่ถูก.wav,41.8,42.9,none
C:\Users\muldi\Documents\Playground\University\senior-project-1\dataset\internet\noise\อะไรคือสิ่งที่ถูก.wav,42.9,44.0,none
C:\Users\muldi\Documents\Playground\University\senior-project-1\dataset\internet\noise\อะไรคือสิ่งที่ถูก.wav,44.0,45.1,none
C:\Users\muldi\Documents\Playground\University\senior-project-1\dataset\internet\noise\อะไรคือสิ่งที่ถูก.wav,45.1,46.2,none
C:\Users\muldi\Documents\Playground\University\senior-project-1\dataset\internet\noise\อะไรคือสิ่งที่ถูก.wav,46.2,47.3,none
C:\Users\muldi\Documents\Playground\University\senior-project-1\dataset\internet\noise\อะไรคือสิ่งที่ถูก.wav,47.3,48.4,none
C:\Users\muldi\Documents\Playground\University\senior-project-1\dataset\internet\noise\อะไรคือสิ่งที่ถูก.wav,48.4,49.5,none
C:\Users\muldi\Documents\Playground\University\senior-project-1\dataset\internet\noise\อะไรคือสิ่งที่ถูก.wav,49.5,50.6,none
C:\Users\muldi\Documents\Playground\University\senior-project-1\dataset\internet\noise\อะไรคือสิ่งที่ถูก.wav,50.6,51.7,กู
C:\Users\muldi\Documents\Playground\University\senior-project-1\dataset\single\กู\กู (เบลล์).wav,0.0,1.1,กู
C:\Users\muldi\Documents\Playground\University\senior-project-1\dataset\single\กู\กู (เบลล์).wav,1.1,2.2,none
C:\Users\muldi\Documents\Playground\University\senior-project-1\dataset\us\clear\ถ้าแกไม่ไป กูก็ไม่ไปเหมือนกัน.wav,0.0,1.1,none
C:\Users\muldi\Documents\Playground\University\senior-project-1\dataset\us\clear\ถ้าแกไม่ไป กูก็ไม่ไปเหมือนกัน.wav,1.1,2.2,กู
C:\Users\muldi\Documents\Playground\University\senior-project-1\dataset\us\clear\ถ้าแกไม่ไป กูก็ไม่ไปเหมือนกัน.wav,2.2,3.3,none
C:\Users\muldi\Documents\Playground\University\senior-project-1\dataset\us\clear\ถ้าแกไม่ไป กูก็ไม่ไปเหมือนกัน.wav,3.3,4.4,none
